0 6 3
0 34 8.94427
0 53 7.28011
0 77 6.08276
1 6 7.81025
1 25 5.09902
1 73 3.16228
2 26 2.23607
2 38 3.60555
2 58 6.32456
2 69 8.60233
3 43 4.12311
3 79 1
4 19 6
4 26 1
4 48 9.84886
5 47 2
5 64 8
7 23 7
7 59 3.16228
8 21 5
8 46 6.32456
8 50 5.65685
8 56 6.40312
8 58 6.40312
9 28 1.41421
9 71 7.61577
10 11 4.12311
10 38 5.65685
10 62 3.16228
11 15 5.83095
11 18 6.32456
11 33 4.12311
11 50 5.38516
11 52 6.7082
12 24 3.16228
12 41 1.41421
12 53 1
12 66 10.6301
12 71 9.21954
13 19 8.06226
13 22 3.16228
14 17 1.41421
14 49 4.47214
15 70 4.12311
15 72 4.47214
16 21 1.41421
16 76 3
17 62 3.16228
18 27 2.82843
18 50 5
18 54 2.23607
18 62 6.08276
19 23 5.38516
20 31 1.41421
20 33 3
20 39 7.81025
20 64 3
22 30 6.32456
24 30 6.32456
24 37 3.16228
25 45 4.47214
25 61 7.28011
26 33 7.2111
27 37 3
28 55 7.07107
28 63 4.24264
29 60 5
29 65 5.83095
31 48 5.38516
31 70 1
32 42 6.7082
32 44 3
33 77 3.60555
33 78 1.41421
34 45 10
34 66 9
34 69 10.8167
34 78 7.2111
35 37 4.47214
35 39 10.2956
35 56 9.21954
35 67 7.28011
36 50 7.28011
36 58 8.24621
36 68 7.07107
39 74 9.21954
40 58 7.61577
40 60 2.82843
40 62 5
40 65 2.23607
41 51 7
41 74 7.81025
42 61 3.60555
42 68 5
43 48 8.24621
44 78 2.82843
45 57 5.65685
45 79 9.48683
46 47 7.07107
46 55 1
46 68 2.23607
49 51 2.23607
50 74 2.23607
51 53 6
52 64 7.07107
54 63 2.23607
56 72 5.09902
56 75 5.83095
57 67 2.23607
57 77 1
58 76 9.21954
59 60 4
59 66 7.2111
59 79 5
63 65 4.12311
63 67 4.47214
66 73 3.60555
67 71 7.07107
68 75 4.24264
