0 34 2.44
1 6 1.4
2 69 4.04
3 43 4.56
4 19 1.09
4 48 3
5 64 4.58
7 23 2.21
7 59 1.92
8 21 3
8 46 4.83
8 56 4.49
8 58 3.53
9 28 3.75
9 71 2.19
10 11 2.27
10 38 3.82
11 18 4.35
11 50 1.35
12 41 3.1
12 53 4.36
12 66 4.42
12 71 2.14
13 19 3.68
14 17 1.53
15 70 2.14
15 72 4.59
16 76 3.65
17 62 4.78
18 27 3.31
18 50 4.7
20 64 3.23
24 30 4.88
24 37 1
25 45 3.13
27 37 3.88
28 63 4.32
29 60 3.29
29 65 1.02
31 48 1.58
31 70 2.05
32 44 3.11
33 77 3.63
33 78 2.4
34 45 2.05
34 66 3.46
34 69 2.96
34 78 3.78
35 37 1.25
35 39 4.19
35 56 4.72
35 67 1.14
36 50 2.77
36 58 3.34
36 68 1.64
39 74 2.75
40 58 1.43
40 60 4.56
40 62 2.06
41 51 1.48
41 74 3.72
42 61 4.27
42 68 4.99
43 48 2.44
44 78 4.39
45 57 2.71
45 79 4.24
46 47 1.04
46 68 4.9
50 74 2.82
51 53 3.89
52 64 4.69
54 63 2.73
56 75 2.1
57 67 1.51
57 77 3.88
59 60 3.45
59 66 1.88
59 79 3.91
63 65 1.57
63 67 2.41
66 73 2.34
67 71 4.64
68 75 4.48
