0 0
1 0
2 0
3 0
4 0
5 0
6 4.27
7 4.29
8 0
9 3.58
10 2.7
11 6.74
12 0
13 6.27
14 9.18
15 4.88
16 0
17 2.25
18 7.99
19 0
20 6.17
21 0
22 4.16
23 5.83
24 0
25 0
26 0
27 6.93
28 7.35
29 1.3
30 0
31 8.08
32 5.13
33 0
34 8.48
35 3.15
36 0
37 1.18
38 5.15
39 0
40 2.04
41 5.26
42 6.05
43 1.21
44 6.58
45 9.11
46 6.83
47 3.2
48 0
49 0
50 0
51 9.44
52 0
53 6.75
54 0
55 5.67
56 9.85
57 9.01
58 0
59 9.27
60 0
61 6.49
62 0
63 4.19
64 3.3
65 9.89
66 8.59
67 6.16
68 7.75
69 0
70 0
71 4.12
72 0
73 7.76
74 2.36
75 0
76 0
77 9.36
78 6.75
79 0
