0 0
1 13.5128
2 23.9194
3 29.0331
4 22.3743
5 29.6104
6 3.75
7 34.9393
8 31.0668
9 24.3098
10 22.4182
11 17.2643
12 10.3501
13 34.0672
14 24.9854
15 24.032
16 39.0846
17 26.7532
18 22.8289
19 29.8743
20 15.8604
21 37.3168
22 30.1144
23 36.6057
24 14.303
25 19.8866
26 21.1243
27 22.0058
28 22.542
29 29.6813
30 22.2087
31 17.6282
32 21.1637
33 12.1104
34 11.1803
35 20.7487
36 33.0959
37 18.2558
38 28.4263
39 25.6232
40 25.1877
41 12.1179
42 29.5489
43 34.1869
44 17.4137
45 15.9245
46 32.6308
47 32.1104
48 24.3596
49 19.3952
50 23.9957
51 16.6001
52 25.6495
53 9.10014
54 20.0338
55 31.3808
56 32.2731
57 8.85345
58 31.825
59 30.9865
60 28.7232
61 28.9867
62 26.371
63 17.2387
64 19.6104
65 22.3926
66 21.9726
67 11.6485
68 35.4259
69 24.7012
70 18.8782
71 20.4874
72 29.6222
73 17.4657
74 21.8807
75 39.5618
76 42.8346
77 7.60345
78 13.8782
79 27.7831
