0 13.5128
1 0
2 36.6009
3 24.9737
4 35.0558
5 40.3648
6 9.76281
7 21.4265
8 36.9316
9 34.4913
10 35.0997
11 29.9458
12 21.7475
13 45.4646
14 37.9798
15 36.7136
16 44.9494
17 36.212
18 33.0104
19 36.908
20 28.542
21 43.1816
22 41.5117
23 30.1765
24 25.7003
25 6.37377
26 33.8058
27 33.4032
28 32.7236
29 28.7237
30 33.606
31 30.3097
32 28.3661
33 24.792
34 19.7098
35 30.9302
36 35.0697
37 29.6532
38 41.1079
39 38.3048
40 26.0092
41 23.5152
42 19.9809
43 30.1275
44 30.0953
45 11.9639
46 29.0259
47 37.8648
48 37.0412
49 32.908
50 36.0731
51 30.1129
52 38.3311
53 22.6129
54 30.2154
55 30.2759
56 38.8228
57 19.035
58 35.5289
59 17.4737
60 22.4737
61 15.4739
62 32.2592
63 27.4203
64 32.292
65 28.8043
66 8.45979
67 21.8301
68 26.2309
69 33.2306
70 31.5597
71 30.6689
72 42.3038
73 3.95285
74 33.278
75 31.5342
76 47.0533
77 20.285
78 26.5597
79 23.7237
