0 23.9194
1 36.6009
2 0
3 31.8178
4 4.04508
5 29.309
6 27.6694
7 27.0265
8 15.9096
9 32.4454
10 11.578
11 16.7319
12 34.2695
13 21.6229
14 21.2515
15 23.7306
16 23.1801
17 19.4837
18 23.1343
19 11.5451
20 15.559
21 22.1596
22 25.5758
23 18.2765
24 34.3727
25 30.2271
26 2.79508
27 26.6698
28 30.6777
29 27.2109
30 33.4814
31 17.3267
32 20.8623
33 11.809
34 22.5906
35 29.4611
36 18.2135
37 30.4198
38 4.50694
39 25.3218
40 17.4254
41 35.5386
42 29.2475
43 26.6639
44 17.1123
45 24.637
46 23.8153
47 31.809
48 16.3562
49 26.8416
50 22.9807
51 29.6367
52 25.1171
53 33.0195
54 25.9294
55 25.0653
56 23.9135
57 17.5659
58 7.90569
59 25.9609
60 20.9609
61 33.7545
62 15.5309
63 25.3744
64 19.309
65 20.2205
66 33.8406
67 20.361
68 26.6104
69 10.7529
70 18.5767
71 29.1998
72 29.3208
73 38.3475
74 25.7758
75 31.2022
76 19.4301
77 16.3159
78 13.5767
79 32.2109
