0 29.0331
1 24.9737
2 31.8178
3 0
4 27.7727
5 37.7109
6 32.7831
7 11.4528
8 33.5592
9 31.0556
10 26.2384
11 31.0904
12 29.8016
13 37.0121
14 28.0061
15 28.597
16 40.8297
17 26.2384
18 29.5747
19 26.9343
20 23.9609
21 39.8092
22 40.965
23 20.2028
24 33.7544
25 18.6987
26 29.0227
27 33.1102
28 29.2878
29 18.75
30 41.6601
31 22.1931
32 34.9898
33 25.9365
34 25.6085
35 32.0748
36 35.863
37 36.8602
38 33.3094
39 33.7237
40 16.0355
41 31.5693
42 32.3058
43 5.15388
44 31.2398
45 13.1085
46 39.3766
47 40.2109
48 15.4616
49 33.5963
50 35.8247
51 36.3914
52 36.5497
53 31.0516
54 26.7796
55 38.1266
56 40.5609
57 20.1796
58 25.5553
59 7.5
60 12.5
61 27.7988
62 22.2855
63 23.9845
64 27.7109
65 18.8306
66 16.5139
67 22.9747
68 38.5558
69 39.1294
70 23.4431
71 31.8135
72 34.1872
73 21.0208
74 38.6198
75 43.8591
76 37.0797
77 21.4296
78 27.7043
79 1.25
