0 22.3743
1 35.0558
2 4.04508
3 27.7727
4 0
5 27.7639
6 26.1243
7 22.9815
8 19.9547
9 31.4771
10 15.6231
11 15.4178
12 32.7244
13 17.5778
14 25.2966
15 22.1855
16 27.2252
17 23.5288
18 23.3235
19 7.5
20 14.0139
21 26.2047
22 21.5307
23 14.2315
24 34.5618
25 28.6821
26 1.25
27 26.859
28 29.7094
29 31.256
30 29.4364
31 15.7816
32 19.3172
33 10.2639
34 21.0455
35 27.916
36 22.2585
37 30.609
38 8.55202
39 23.7767
40 21.4705
41 34.4922
42 27.7024
43 22.6188
44 15.5672
45 23.0919
46 27.8604
47 30.2639
48 12.3111
49 30.8867
50 22.1492
51 33.6818
52 23.803
53 31.4744
54 26.1185
55 29.1104
56 27.9586
57 16.0208
58 11.9508
59 26.9343
60 25.006
61 32.2094
62 19.5759
63 24.4061
64 17.7639
65 24.2656
66 32.2955
67 18.8159
68 30.6555
69 14.798
70 17.0316
71 27.6547
72 27.7757
73 36.8025
74 24.9443
75 35.2473
76 23.4752
77 14.7708
78 12.0316
79 29.0227
