0 13 4.12311
0 22 3
0 37 1.41421
1 6 6
1 30 3.60555
2 14 3
2 17 4.47214
2 38 1
3 8 3.16228
3 29 7.28011
4 32 1
4 33 4.12311
5 6 8.24621
5 10 9
6 21 8.48528
7 11 10
7 32 3
7 36 8.24621
8 26 1.41421
8 38 4
9 15 5.09902
9 17 7.81025
9 34 2.23607
10 19 7.2111
10 20 9.21954
10 30 7.07107
11 19 5.83095
11 25 10.2956
11 31 9.84886
11 35 9.43398
12 18 10.8167
12 31 3
12 37 6.7082
13 21 7
14 22 4.12311
15 36 3.60555
16 24 4.24264
16 35 3
16 36 5.09902
16 38 1
17 26 3.60555
17 39 4.47214
18 28 7.07107
19 27 3.16228
20 25 6.7082
20 26 4.24264
20 37 1.41421
21 38 5.83095
22 24 6
23 25 2
23 33 5
23 34 1.41421
24 28 3.60555
25 39 9.05539
26 31 5.65685
27 29 3.16228
29 30 4.24264
30 36 4
31 35 5.65685
31 39 6.40312
