0 10 7.07107
0 32 6
0 39 9.05539
1 22 6.7082
1 35 3.16228
2 23 3.16228
2 31 4.24264
3 26 1.41421
3 39 5.09902
3 51 5.83095
4 27 6.32456
4 45 8.24621
4 54 8.06226
5 31 5
5 34 2
5 41 7.2111
5 43 8.60233
6 31 3.16228
6 33 4.12311
6 48 4.12311
7 11 6.08276
7 36 6.40312
8 18 2
8 24 5.38516
8 39 10
9 20 6.08276
9 26 7.07107
9 49 2.23607
10 20 9.21954
10 45 6.32456
11 13 5.38516
11 54 1.41421
12 27 8.94427
12 47 7.07107
13 23 7.61577
13 36 6.7082
13 50 2.23607
13 51 5.83095
13 54 4.12311
14 18 6.08276
14 25 7.61577
14 41 5.83095
15 25 7.2111
15 42 6.40312
15 46 3.16228
16 33 5.83095
16 39 10.8167
17 43 7.2111
17 56 2.82843
17 59 6.08276
18 26 6.32456
19 37 6.32456
19 42 3.60555
19 45 2.23607
20 43 3.16228
20 44 8.06226
21 30 4
21 40 8.544
22 48 10.2956
23 42 7.07107
24 28 8.60233
24 44 8.06226
24 51 6.7082
25 43 1.41421
26 56 1
28 35 4.12311
28 46 1.41421
28 47 6.7082
28 57 8.24621
29 36 4.12311
29 37 5.38516
30 57 9.21954
31 49 3.60555
32 54 6.08276
34 50 8.60233
35 36 4.12311
35 47 7.07107
35 53 2.23607
37 53 7.2111
38 40 11.4018
38 53 3.16228
41 53 4.47214
41 58 5
42 58 5.83095
46 55 5
46 59 8.544
47 50 2.23607
48 58 5.38516
50 52 2
55 59 4.24264
