0 10 4.55
0 39 4.08
1 35 3.2
2 23 3.9
2 31 2.03
3 26 2.8
3 39 1.05
3 51 4.46
4 27 2.84
4 45 1.75
4 54 4.54
5 31 1.57
5 41 1.33
5 43 1.7
6 31 4.98
6 48 1.94
7 36 2.61
8 18 1.49
8 39 2.27
9 20 1.43
9 26 2.17
10 45 2.65
12 47 1.57
13 36 3.02
13 51 3.66
13 54 3.88
14 18 2.81
14 25 1.09
14 41 1.98
15 25 4.03
15 42 4.73
15 46 2.4
16 33 1.75
16 39 1.73
17 43 3.82
17 56 1.43
17 59 1.09
19 37 4.21
19 42 1.88
20 44 1.04
21 30 4.03
22 48 4.56
23 42 4.62
24 44 3.94
24 51 2.78
26 56 2.27
28 35 2.89
28 47 1.14
28 57 2.67
29 36 2.63
30 57 3.64
31 49 2.73
34 50 3.43
35 36 4.74
35 53 3.62
38 40 1.3
38 53 4.98
42 58 3.37
46 59 2.59
47 50 2.06
50 52 4.13
55 59 2.67
