0 0
1 37.7493
2 33.7299
3 17.693
4 25.1813
5 35.069
6 37.2826
7 24.4747
8 23.8192
9 27.9667
10 8.83883
11 16.8712
12 34.6863
13 20.2573
14 33.9227
15 32.0505
16 24.84
17 24.2463
18 26.3192
19 19.5396
20 20.3633
21 61.065
22 46.1346
23 29.7771
24 30.5507
25 26.0839
26 19.4608
27 33.087
28 34.2328
29 33.7965
30 56.065
31 35.2687
32 7.5
33 32.1287
34 33.8053
35 33.7965
36 28.6426
37 27.4453
38 40.412
39 11.3192
40 54.6642
41 37.5852
42 24.0466
43 24.3161
44 30.4411
45 16.7445
46 36.0005
47 25.8475
48 38.0667
49 30.7618
50 23.0524
51 24.9817
52 25.5524
53 36.4592
54 15.1035
55 37.1531
56 20.7108
57 44.5405
58 31.3352
59 31.8498
