0 37.7493
1 0
2 30.9645
3 32.0694
4 32.7237
5 21.352
6 26.4087
7 17.1106
8 26.5911
9 34.904
10 34.3683
11 24.2234
12 21.6305
13 17.492
14 19.6268
15 14.8273
16 38.8512
17 29.158
18 27.2302
19 23.6675
20 29.5618
21 35.633
22 8.38525
23 27.0117
24 19.8596
25 23.8412
26 33.8371
27 32.8109
28 9.10673
29 14.2606
30 30.9389
31 27.602
32 30.2493
33 31.5626
34 23.852
35 3.95285
36 9.10673
37 15.7618
38 10.7008
39 38.4431
40 24.953
41 12.3381
42 22.8312
43 25.609
44 29.9375
45 26.4626
46 10.8745
47 12.7917
48 21.2548
49 32.1089
50 15.5868
51 24.7807
52 18.0868
53 6.74793
54 22.6459
55 17.1245
56 32.6935
57 19.4145
58 18.5881
59 21.5545
