0 33.7299
1 30.9645
2 0
3 23.2119
4 28.7043
5 11.5533
6 9.25615
7 27.8075
8 31.8499
9 12.6053
10 27.9994
11 20.204
12 27.9016
13 13.4726
14 27.8559
15 20.7956
16 21.6987
17 26.2297
18 29.3499
19 17.2986
20 20.2088
21 53.3484
22 27.2796
23 3.95285
24 29.1465
25 24.074
26 21.4442
27 36.61
28 26.5162
29 27.0117
30 48.3484
31 5.3033
32 26.2299
33 14.41
34 14.0533
35 27.0117
36 21.8578
37 25.2043
38 30.1102
39 29.5857
40 44.3624
41 20.5672
42 12.7917
43 22.3062
44 30.2866
45 20.0937
46 24.7484
47 19.0627
48 14.41
49 9.81024
50 16.2676
51 20.7613
52 18.7676
53 26.1573
54 18.6264
55 30.9984
56 22.6942
57 36.824
58 20.0804
59 33.8331
