0 17.693
1 32.0694
2 23.2119
3 0
4 29.8091
5 24.1586
6 21.8615
7 28.9123
8 12.1735
9 10.6066
10 26.5318
11 21.3088
12 29.0064
13 14.5774
14 17.2769
15 26.3488
16 19.8946
17 6.5533
18 9.67346
19 37.2326
20 18.2101
21 53.259
22 39.8849
23 24.0971
24 15.6739
25 17.3349
26 1.76777
27 37.7148
28 26.4269
29 28.1165
30 48.259
31 17.9086
32 25.193
33 27.0154
34 26.6586
35 28.1165
36 22.9626
37 34.848
38 34.1086
39 6.37377
40 48.3608
41 24.5656
42 32.9359
43 15.5672
44 25.7518
45 34.4375
46 24.8368
47 20.1675
48 27.0154
49 13.4017
50 17.3725
51 7.28869
52 19.8725
53 30.1558
54 19.7313
55 19.4601
56 3.01777
57 36.7346
58 30.8156
59 14.1568
