0 25.1813
1 32.7237
2 28.7043
3 29.8091
4 0
5 31.2797
6 36.7838
7 19.449
8 37.6371
9 37.3413
10 18.2135
11 11.8456
12 19.086
13 15.2317
14 38.4372
15 25.6137
16 49.2264
17 36.3624
18 39.4825
19 13.1028
20 29.7379
21 56.0393
22 41.1089
23 24.7514
24 30.9056
25 34.6276
26 31.5769
27 7.90569
28 29.2071
29 27.74
30 51.0393
31 34.0076
32 17.6813
33 41.9377
34 28.7797
35 28.7708
36 23.617
37 21.0085
38 33.9753
39 36.1829
40 48.2275
41 31.1485
42 17.6098
43 33.6907
44 39.8157
45 10.3078
46 29.5665
47 20.8219
48 31.6299
49 38.5145
50 18.0268
51 22.5204
52 20.5268
53 30.0224
54 10.0778
55 35.8165
56 32.8269
57 39.5149
58 24.8985
59 40.2465
