0 11 10
0 14 3.60555
0 27 7.07107
0 34 7.81025
0 48 4.12311
1 8 10.2956
1 11 11.4018
1 18 7.61577
1 57 1.41421
2 20 2.23607
2 41 6
2 42 5.38516
2 45 7
3 22 5
3 25 3.16228
3 54 3.16228
4 7 8.24621
4 36 8.544
4 41 2
4 50 6.40312
5 44 2.23607
5 45 8.24621
5 55 8.60233
6 44 6.32456
6 50 5
7 31 9.48683
8 34 3.60555
8 43 9.43398
9 14 2.23607
9 34 3
9 36 5.09902
10 50 1.41421
10 59 3
12 48 2.82843
13 15 4.47214
13 28 3.60555
14 24 2
14 41 4.47214
15 22 7.81025
15 24 4.12311
16 22 8.94427
16 47 4.47214
16 58 1.41421
17 52 3.16228
17 57 5.38516
18 37 4.12311
19 23 3.16228
19 24 3.16228
19 25 3.60555
19 34 5.09902
19 49 2.23607
20 33 6.32456
21 25 3.60555
21 30 5.38516
21 32 7.28011
21 39 8.60233
22 55 9.21954
23 38 4.24264
23 39 7.61577
24 41 6.32456
24 51 4.24264
25 54 2.82843
26 37 7.2111
26 55 3.60555
26 57 8.06226
27 39 6.08276
27 51 1
28 54 5
29 49 7.61577
29 56 8.60233
30 40 2.23607
30 59 1
31 38 7.2111
32 35 5.83095
32 47 1
33 45 8.60233
35 43 8.544
35 46 3.16228
36 51 7
36 52 4.12311
38 58 4.47214
40 55 5
40 56 2.23607
42 43 9.21954
43 48 4
44 45 6.08276
46 53 2.82843
47 52 5.09902
49 55 5.65685
53 58 6.08276
