0 11 3.52
0 34 4.24
0 48 2.65
1 8 4.93
1 11 1.02
1 18 3.9
1 57 3.05
2 20 1.03
2 41 3.92
2 45 2.8
3 25 4.71
3 54 2.67
4 7 2.22
4 36 2.19
4 41 4.41
4 50 2.21
5 44 2.66
5 45 4.6
6 44 4.31
6 50 4.35
7 31 1.39
9 14 4.33
9 34 1.38
10 50 1.06
10 59 4.47
12 48 3.6
13 28 2.14
14 24 3.83
15 24 2.08
16 22 4.59
16 47 1.61
18 37 1.18
19 23 1.94
19 24 4.14
20 33 4.21
21 30 4.18
21 32 4.84
22 55 3.78
23 38 1.3
23 39 1.98
24 41 1.19
25 54 4.95
26 37 2
26 55 2.99
26 57 2.82
27 39 4.06
28 54 2.67
29 56 2.15
30 40 1.69
30 59 4.34
31 38 2.54
32 35 1.14
32 47 4
35 43 4.81
38 58 1
40 55 4.86
40 56 1.91
42 43 2.15
44 45 1.21
46 53 4.34
49 55 4.28
53 58 4.58
