0 0
1 26.7522
2 17.5971
3 19.4196
4 12.5971
5 31.5788
6 26.851
7 22.9049
8 14.2698
9 7.30202
10 22.3688
11 12.5
12 8.68942
13 17.751
14 4.50694
15 12.1608
16 27.5739
17 22.7825
18 36.2719
19 10.9598
20 20.3922
21 19.9737
22 21.9236
23 14.9126
24 7.00694
25 15.4667
26 25.3329
27 8.83883
28 22.2579
29 23.2746
30 26.7051
31 29.2298
32 26.4535
33 28.2979
34 9.76281
35 20.8339
36 13.6758
37 34.3468
38 20.2159
39 16.4423
40 27.0759
41 10.0971
42 21.6783
43 10.1539
44 33.9506
45 26.3471
46 24.7867
47 25.2035
48 5.15388
49 13.7549
50 20.601
51 10.0888
52 18.8297
53 28.3223
54 19.0023
55 20.8259
56 29.871
57 28.52
58 25.8061
59 26.1188
