0 26.7522
1 0
2 37.0117
3 32.21
4 28.286
5 27.1054
6 37.8062
7 38.5937
8 12.8695
9 21.1265
10 30.3976
11 14.2522
12 33.1975
13 37.1656
14 23.9216
15 31.5754
16 24.416
17 8.49922
18 9.51972
19 23.7503
20 39.8068
21 29.176
22 27.877
23 27.7031
24 26.4216
25 28.2572
26 11.8456
27 27.606
28 38.0427
29 32.9433
30 25.3976
31 40.7878
32 20.0758
33 47.7125
34 17.3765
35 27.3645
36 17.606
37 14.6736
38 31.774
39 35.2094
40 22.6025
41 29.5117
42 36.1864
43 24.662
44 29.9005
45 37.4132
46 31.3174
47 18.8258
48 29.662
49 23.4236
50 32.1654
51 26.356
52 12.4521
53 33.7872
54 31.7927
55 16.3525
56 25.3976
57 1.76777
58 26.1838
59 26.6476
