0 17.5971
1 37.0117
2 0
3 27.8183
4 10
5 19.0578
6 24.2539
7 20.3078
8 24.1422
9 15.8853
10 19.7717
11 30.0971
12 26.2865
13 26.1497
14 13.0902
15 20.5596
16 35.9726
17 29.7867
18 46.5314
19 19.3585
20 2.79508
21 28.3724
22 30.3224
23 23.3114
24 15.4057
25 23.8655
26 33.7316
27 21.959
28 30.6567
29 31.6733
30 24.7717
31 32.1663
32 33.4577
33 10.7008
34 19.6353
35 28.9359
36 20.68
37 42.7455
38 28.6147
39 29.5624
40 27.5668
41 7.5
42 6.73146
43 18.2559
44 16.3535
45 8.75
46 32.8887
47 32.2077
48 22.751
49 22.1536
50 18.0039
51 20.709
52 25.8339
53 36.4243
54 27.401
55 29.2247
56 30.3618
57 36.5182
58 34.2049
59 23.5217
