0 19.4196
1 32.21
2 27.8183
3 0
4 22.8183
5 28.5273
6 28.209
7 33.1261
8 19.3405
9 17.7077
10 20.1912
11 31.9196
12 28.109
13 14.7098
14 14.9126
15 16.0128
16 17.4303
17 29.1365
18 36.4491
19 8.45979
20 30.6134
21 8.45979
22 6.25
23 12.4126
24 12.4126
25 3.95285
26 22.2814
27 18.9659
28 10.2028
29 20.7746
30 15.1912
31 26.7298
32 17.5599
33 38.5191
34 14.8336
35 24.8486
36 24.0815
37 31.2952
38 17.7159
39 19.2127
40 17.9863
41 20.3183
42 34.5498
43 29.5735
44 31.3224
45 36.5683
46 28.8015
47 18.8099
48 24.5735
49 11.2549
50 21.959
51 17.7159
52 25.1837
53 26.8016
54 3.95285
55 17.7744
56 20.7814
57 32.3592
58 19.1981
59 16.4412
