0 12.5971
1 28.286
2 10
3 22.8183
4 0
5 24.9547
6 14.2539
7 10.3078
8 19.1422
9 10.8853
10 9.77167
11 25.0971
12 21.2865
13 21.1497
14 8.09017
15 15.5596
16 27.7978
17 19.7867
18 37.8057
19 14.3585
20 12.7951
21 21.5031
22 25.3224
23 18.3114
24 10.4057
25 18.8655
26 28.3237
27 16.959
28 25.6567
29 26.6733
30 14.7717
31 22.1663
32 23.4577
33 20.7008
34 14.6353
35 30.7464
36 10.68
37 37.3376
38 23.6147
39 24.5624
40 17.5668
41 2.5
42 16.7315
43 22.751
44 22.1596
45 18.75
46 34.6992
47 22.2077
48 17.751
49 17.1536
50 8.00391
51 15.709
52 15.8339
53 36.8083
54 22.401
55 23.8168
56 20.3618
57 26.5182
58 29.2049
59 13.5217
