0 11 1.41421
0 15 7.2111
0 25 1
1 6 5.65685
1 21 3.60555
1 32 4.12311
1 47 3
2 57 9
2 58 1
3 41 6.08276
3 54 7
4 7 7.81025
4 16 7.61577
4 28 8.94427
4 30 8.24621
4 31 7.07107
5 23 5.83095
5 48 7.07107
6 10 5
7 38 4.47214
7 59 1
8 25 9.84886
8 32 1
9 42 8.544
9 55 11.4018
10 50 7.28011
11 19 5.38516
11 29 8.24621
11 51 6.40312
12 14 9.48683
12 31 7.61577
12 58 9.84886
13 47 7.07107
13 55 6.08276
13 56 1.41421
13 59 3.16228
14 31 6.32456
14 44 8.544
14 59 2
15 19 3
16 51 5.65685
17 19 3
17 30 6.7082
18 31 5
18 48 1
18 49 1.41421
19 50 3.60555
20 34 7.2111
20 35 8.544
20 50 2.23607
20 53 10.6301
21 30 6.32456
21 32 3.16228
22 38 2
22 45 3
23 26 3
23 47 4.24264
24 27 6.40312
24 31 1
24 32 7.81025
24 50 5.09902
26 43 3.16228
27 34 2
27 40 3.16228
27 42 5.83095
28 46 3.60555
29 39 8.06226
29 45 6.40312
29 48 9.43398
30 37 7.28011
33 39 5.38516
33 42 2.23607
35 37 8
35 56 3.60555
36 43 9.43398
36 49 4.12311
36 54 6
37 52 2.23607
37 53 8.60233
39 51 1.41421
40 52 4.24264
41 52 2.82843
42 53 5
44 46 4
45 59 5.83095
46 58 5.65685
47 48 5.83095
47 49 5
50 52 1
54 58 3.60555
