0 15 2.77
0 25 2.12
1 6 4.39
1 32 2.47
1 47 3.43
2 57 4.95
2 58 4.1
3 41 1.51
4 7 4.49
4 16 1.83
4 28 1.02
4 31 1.63
5 23 2.17
5 48 1.51
7 59 4.55
8 25 4.41
9 42 4.97
9 55 2.4
10 50 1.63
11 29 1.62
11 51 4.57
12 14 3.14
13 56 1.92
13 59 5
14 31 1.22
14 44 1.48
14 59 2.34
15 19 3.69
16 51 2.79
17 19 2.28
18 31 2.45
18 49 2.69
20 34 4.53
20 35 2.14
20 50 3.36
20 53 1.32
21 30 4.36
21 32 2.02
22 38 1.47
22 45 1.68
24 27 2.88
24 50 2.46
27 34 2.14
27 40 3.8
27 42 4.58
29 39 3.17
29 45 2.55
30 37 4.11
33 39 1.05
33 42 2.19
35 56 1.1
36 43 2.85
36 49 2.08
36 54 4.94
39 51 3.28
40 52 4.55
41 52 1.88
42 53 3.79
45 59 2.37
47 48 3.57
47 49 2.33
50 52 3.5
