0 0
1 19.965
2 39.9021
3 25.3951
4 26.3625
5 32.7068
6 27.036
7 28.6181
8 13.5611
9 31.746
10 22.1063
11 1.76777
12 30.1497
13 31.321
14 28.5356
15 9.01388
16 16.8427
17 12.2492
18 25.118
19 8.49922
20 15.8012
21 18.7639
22 23.8294
23 29.0183
24 19.3799
25 1.25
26 32.7683
27 23.5123
28 37.5428
29 12.0755
30 20.6345
31 20.6299
32 14.8111
33 18.2709
34 24.8151
35 26.4813
36 32.0397
37 17.0512
38 26.3294
39 11.5394
40 19.5595
41 17.7917
42 21.066
43 36.7211
44 39.2156
45 20.0794
46 42.0497
47 23.715
48 23.868
49 26.8858
50 13.0062
51 9.77167
52 14.2562
53 27.316
54 34.1451
55 38.9244
56 30.9882
57 51.1521
58 38.6521
59 27.3681
