0 19.965
1 0
2 28.4108
3 31.4039
4 22.7204
5 16.342
6 7.07107
7 17.7917
8 6.40388
9 34.4445
10 13.3211
11 21.7327
12 25.6864
13 12.5888
14 19.0417
15 28.2979
16 32.2401
17 20.7979
18 11.7678
19 24.5479
20 24.0856
21 4.50694
22 25.8819
23 9.0533
24 14.9167
25 18.715
26 12.8033
27 22.9206
28 33.9007
29 22.8312
30 12.4126
31 16.1667
32 5.15388
33 33.0044
34 25.4206
35 18.8635
36 15.1539
37 21.5128
38 23.3819
39 31.5044
40 26.8734
41 26.076
42 30.2093
43 16.7561
44 29.7217
45 23.8304
46 34.2319
47 3.75
48 11.0387
49 10
50 21.2905
51 29.7366
52 22.5405
53 32.2657
54 22.6539
55 20.1923
56 14.3566
57 39.6608
58 27.1608
59 16.5417
