0 39.9021
1 28.4108
2 0
3 14.5069
4 24.0083
5 30.2674
6 35.4819
7 27.7511
8 34.8147
9 50.3034
10 35.9961
11 38.1343
12 13.5611
13 30.4539
14 24.0011
15 35.1529
16 33.5281
17 35.1529
18 20.1786
19 31.4029
20 29.691
21 32.9178
22 35.8412
23 29.9641
24 24.3308
25 41.1521
26 29.0023
27 32.3347
28 12.828
29 33.2211
30 34.3161
31 23.0808
32 33.5647
33 42.4185
34 34.8347
35 36.7286
36 13.2569
37 28.441
38 33.3412
39 42.3669
40 30.9492
41 22.1104
42 39.6234
43 25.0494
44 13.3211
45 33.7898
46 8.32107
47 24.6608
48 21.4286
49 18.4108
50 26.8959
51 40.5991
52 25.6459
53 39.1939
54 5.75694
55 38.0574
56 32.2217
57 11.25
58 1.25
59 26.5011
