0 25.3951
1 31.4039
2 14.5069
3 0
4 28.8516
5 33.2605
6 27.7391
7 31.6685
8 29.7756
9 38.3638
10 21.4891
11 23.6274
12 25.568
13 30.2088
14 27.9185
15 20.6459
16 38.3713
17 20.6459
18 23.1716
19 16.8959
20 15.1841
21 30.9399
22 39.7586
23 32.9572
24 18.7628
25 26.6451
26 31.9953
27 20.3951
28 24.8349
29 33.9351
30 23.0342
31 20.0128
32 28.5256
33 30.4789
34 22.8951
35 23.9341
36 16.25
37 13.9341
38 37.2586
39 33.3991
40 16.4423
41 7.60345
42 27.6838
43 28.0425
44 25.328
45 37.7071
46 20.328
47 27.6539
48 24.4216
49 21.4039
50 12.389
51 31.6313
52 11.139
53 24.687
54 8.75
55 37.8122
56 28.441
57 25.7569
58 13.2569
59 30.4185
