0 26.3625
1 22.7204
2 24.0083
3 28.8516
4 0
5 25.1777
6 29.7915
7 9.76281
8 21.1016
9 36.0614
10 25.5627
11 24.5947
12 18.3586
13 14.9657
14 13.5128
15 24.7195
16 9.51972
17 18.693
18 15.0888
19 20.9695
20 19.2577
21 18.2135
22 17.853
23 28.4099
24 10.0888
25 27.6125
26 32.1599
27 18.0927
28 11.1803
29 26.3054
30 10.3078
31 8.83883
32 19.8516
33 25.09
34 20.5927
35 21.2404
36 22.0105
37 19.4079
38 15.353
39 18.3586
40 22.0456
41 21.2481
42 25.3814
43 33.803
44 20.6873
45 18.3015
46 15.6873
47 23.1066
48 16.3388
49 16.8566
50 16.4626
51 16.5908
52 17.7126
53 30.1608
54 27.2653
55 22.5691
56 16.7334
57 35.2583
58 22.7583
59 11.0128
