0 11 2
0 40 3.16
0 41 4
0 72 4.47
0 75 3.16
1 8 3.16
1 34 4.47
1 39 3.6
2 16 4.24
2 25 2.23
2 78 6.7
3 24 5
3 54 3.16
3 62 6.7
4 10 3
4 31 1.41
5 13 6
5 33 10.63
5 37 9.43
5 61 11.31
5 65 9.43
6 25 6.4
6 38 9.21
6 43 6.32
6 53 4.47
7 35 2
7 76 3.6
8 14 5.65
8 58 2.23
8 62 4.12
9 13 6.7
9 36 3
9 70 2.23
9 74 4
9 77 6.08
10 74 8.06
11 43 3.6
11 64 4
12 19 5
12 47 10.29
12 73 2
13 36 9.48
13 47 3.16
14 34 1.41
15 49 4
15 58 2
16 65 5.38
17 44 9
17 60 4.12
18 31 6.32
18 46 4.47
18 51 7.28
18 59 5
19 65 3.16
19 78 5.83
20 34 4.24
20 45 3.6
20 63 5.65
21 55 7.28
21 67 1
22 29 4
22 56 7.07
23 40 8.54
23 42 5.83
23 52 3.6
23 59 7.07
23 67 3.6
24 79 4.47
25 45 1.41
26 27 7.61
26 28 4
27 31 6.08
27 49 4.12
27 64 5
27 66 8.94
28 41 3.6
29 36 3.6
29 38 4.47
30 44 5
30 50 3.6
30 74 7.21
31 35 1
31 42 3.6
31 68 5.09
32 56 8.94
32 57 6.08
32 77 9.43
33 55 6.32
35 51 4.47
36 79 4.12
37 61 3
37 76 7.61
38 68 8.6
38 72 1.41
38 77 7.28
39 71 5.38
41 50 2.23
42 62 8.06
42 70 7.21
43 56 7.81
43 70 6.32
43 78 8.54
46 71 8.06
46 78 8.24
48 75 3
49 50 5.38
51 57 8.48
51 66 4.24
52 68 1.41
53 62 2.23
53 75 6.7
54 60 5.83
54 73 2
57 62 9
59 72 3
60 69 7.07
63 67 3
63 72 8.06
66 68 3.6
69 78 5
