0 41 2.87
0 72 2.17
1 39 1.25
2 25 2.55
3 24 4.55
4 10 4.35
5 65 1.47
6 38 4.58
6 53 2.59
7 35 1.95
7 76 1
8 58 2.46
9 36 3.63
9 70 4.27
9 74 4.24
9 77 3.94
10 74 4.52
11 64 3.02
12 19 1.4
12 47 1.51
12 73 3.48
13 47 4.31
14 34 2.9
15 58 4.27
17 60 2.84
18 31 3.96
18 51 2.5
18 59 3.42
19 65 1.11
20 34 1.17
20 45 3.84
20 63 2.49
21 55 1.87
21 67 3.28
22 56 3.14
23 42 4.94
23 52 2.71
23 67 2.37
24 79 3.76
26 28 4.45
27 31 1.7
27 64 1.87
28 41 1.83
29 38 3.83
30 44 4.91
30 50 3.02
31 35 2.64
31 42 4.24
31 68 4.13
32 56 3.92
32 57 2
32 77 1.41
33 55 1.7
36 79 2.57
37 61 3.82
37 76 4.79
38 72 2.47
39 71 1.84
41 50 4.94
42 70 3.62
43 70 2.33
43 78 1.81
48 75 1.78
51 57 3.97
53 62 4.28
53 75 3.34
54 60 4.58
57 62 2.1
59 72 1.67
60 69 2.09
63 67 2.15
66 68 1.38
