0 0
1 0
2 0
3 0
4 0
5 0
6 9.07
7 8.04
8 0
9 1.61
10 0
11 0
12 0
13 7.99
14 0
15 6.71
16 0
17 4.63
18 2.65
19 1.67
20 2.37
21 0
22 0
23 0
24 2.16
25 5.06
26 0
27 0
28 0
29 5.91
30 0
31 0
32 0
33 0
34 7
35 2.87
36 0
37 0
38 0
39 1.87
40 2.8
41 0
42 0
43 9.1
44 9.63
45 0
46 0
47 6.58
48 3.29
49 2.55
50 3.14
51 5.75
52 0
53 0
54 0
55 2.81
56 0
57 6.53
58 0
59 4.8
60 4.45
61 3.61
62 5.67
63 8.68
64 6.33
65 6.42
66 0
67 2.13
68 4.09
69 9.25
70 1.34
71 0
72 1.89
73 0
74 0
75 4.53
76 0
77 5.08
78 0
79 3.47
