0 0
1 24.2125
2 25.6875
3 23.4875
4 23.1125
5 33.5625
6 14.9
7 25.1
8 20.2625
9 17.6875
10 26.8625
11 2.5
12 31.2125
13 26.0625
14 27.325
15 19.5125
16 30.9875
17 29.7875
18 15.5875
19 24.9625
20 22.725
21 20.375
22 17.9375
23 14.625
24 28.175
25 22.9
26 14.5
27 13.75
28 9.5
29 12.9375
30 12.2875
31 21.35
32 27.9375
33 37.375
34 28.025
35 22.6
36 17.4375
37 39.1125
38 7.35
39 28.7125
40 3.95
41 5
42 21.9125
43 7
44 18.5375
45 24.6625
46 21.175
47 30.0125
48 7.7
49 14.5125
50 7.7875
51 24.6875
52 19.125
53 12.325
54 27.4375
55 29.475
56 16.7625
57 26.3625
58 22.0125
59 9.3375
60 32.7625
61 42.8625
62 15.1125
63 15.6625
64 7.5
65 28.9125
66 22.6
67 19.125
68 18.1
69 23.925
70 14.9
71 31.25
72 5.5875
73 29.9375
74 21.3
75 3.95
76 29.6
77 16.45
78 17.675
79 22.5875
