0 24.2125
1 0
2 19.9375
3 17.475
4 25.4375
5 43.75
6 17.475
7 27.425
8 3.95
9 30.975
10 29.1875
11 26.7125
12 26.425
13 39.35
14 7.35
15 9.2375
16 25.2375
17 33.8625
18 26.8875
19 32.675
20 10.8875
21 22.95
22 39.575
23 26.2
24 23.725
25 17.15
26 28.9
27 19.3875
28 28.25
29 34.575
30 25.4625
31 23.675
32 27.95
33 39.95
34 5.5875
35 24.925
36 34.4625
37 41.4375
38 28.9875
39 4.5
40 28.1625
41 23.75
42 19.175
43 25.375
44 31.7125
45 15.3875
46 21.3
47 39.2875
48 24.0125
49 14.2375
50 20.9625
51 30.5125
52 30.7
53 11.8875
54 21.425
55 32.05
56 35.1375
57 20.35
58 6.7375
59 31.775
60 28.7125
61 45.1875
62 9.1
63 17.95
64 25.6375
65 31.9625
66 30.5625
67 21.7
68 30.0375
69 34.5625
70 28.1875
71 11.225
72 28.025
73 23.925
74 34.475
75 20.2625
76 31.925
77 38.0875
78 28.3125
79 29.3125
