0 25.6875
1 19.9375
2 0
3 27.5375
4 33.925
5 23.8125
6 10.7875
7 35.9125
8 23.175
9 29.375
10 37.675
11 23.1875
12 21.9125
13 31.3125
14 16.1125
15 28.4625
16 5.3
17 28.6125
18 24.2625
19 15.6625
20 9.05
21 21.1125
22 32.8875
23 24.3625
24 33.7875
25 2.7875
26 40.1875
27 34.4375
28 35.1875
29 27.8875
30 37.975
31 32.1625
32 38.0125
33 37.1
34 14.35
35 33.4125
36 32.3875
37 35.6
38 22.3
39 24.4375
40 29.6375
41 30.6875
42 29.2375
43 18.6875
44 39.8625
45 4.55
46 18.675
47 34.775
48 28.5
49 33.4625
50 33.475
51 33.3625
52 28.8625
53 16.375
54 26.9125
55 30.2125
56 28.45
57 30.4125
58 25.9625
59 27.8125
60 23.4625
61 37.95
62 19.1625
63 16.1125
64 28.1875
65 12.025
66 35.125
67 19.8625
68 30.625
69 14.625
70 26.5875
71 28.75
72 24.0625
73 24.4125
74 34.375
75 24.75
76 40.4125
77 31.4
78 8.375
79 37.5375
