0 23.4875
1 17.475
2 27.5375
3 0
4 24.7125
5 30.9375
6 16.75
7 26.7
8 13.525
9 20.7375
10 28.4625
11 25.9875
12 8.95
13 25.7625
14 20.5875
15 18.8125
16 25.875
17 16.3875
18 30.85
19 15.2
20 27.65
21 31.4875
22 26.4875
23 25.7375
24 6.25
25 24.75
26 37.9875
27 28.9625
28 32.9875
29 21.4875
30 33.8875
31 22.95
32 27.225
33 44.225
34 22.35
35 24.2
36 16.9875
37 40.7125
38 27.075
39 21.975
40 27.4375
41 28.4875
42 18.45
43 24.65
44 27.6375
45 26.5125
46 32.7875
47 21.8125
48 23.2875
49 23.8125
50 30.5375
51 29.7875
52 30.2375
53 11.1625
54 3.95
55 40.5875
56 34.4125
57 19.625
58 16.3125
59 32.5875
60 11.2375
61 44.4625
62 8.375
63 33.9875
64 30.9875
65 19.15
66 33.8125
67 30.2375
68 29.3125
69 20.075
70 23.525
71 28.7
72 28.8375
73 6.45
74 25.7375
75 19.5375
76 31.2
77 28.3375
78 22.4875
79 11.8375
