0 23.1125
1 25.4375
2 33.925
3 24.7125
4 0
5 31.3125
6 24.7125
7 5.5125
8 21.4875
9 18.0625
10 3.75
11 20.6125
12 33.6625
13 26.4375
14 28.55
15 19.5125
16 39.225
17 40.3375
18 9.6625
19 32.8375
20 28.8625
21 19.3
22 29.4625
23 13.55
24 30.9625
25 32.7125
26 18.875
27 9.3625
28 23.875
29 24.4625
30 22.8375
31 1.7625
32 26.8
33 36.3
34 30.3125
35 3.0125
36 21.8125
37 19.525
38 18.875
39 29.9375
40 24.225
41 24.025
42 6.2625
43 23.175
44 29.0875
45 33.3625
46 15.25
47 30.3875
48 30.8125
49 14.5125
50 21.2375
51 8.6
52 9.8875
53 19.125
54 28.6625
55 28.4
56 32.9375
57 19.2
58 22.0125
59 15.9125
60 35.95
61 23.275
62 16.3375
63 21.8
64 15.6125
65 36.7875
66 12.625
67 18.05
68 8.125
69 31.8
70 15.275
71 25.325
72 19.6625
73 31.1625
74 13.825
75 27.0625
76 10.0125
77 25.6625
78 25.55
79 26.9625
