0 28 5.38
0 41 1.41
0 47 6.7
0 62 5
1 21 6.4
1 66 7.81
2 35 5
2 68 5
2 73 3
3 4 3.6
3 41 7.81
3 43 4.12
3 75 6.08
4 8 4.12
4 10 4.12
5 6 6.4
5 25 4
5 28 8.06
5 44 4
6 7 4.12
6 64 3.16
7 47 8.54
7 53 4
7 60 5
7 79 6.7
8 22 9
8 65 1
8 69 5
8 73 5.38
8 78 3.6
9 37 5
9 63 3.16
10 61 6.32
10 71 2.23
11 36 6.7
11 59 4
12 13 5.38
12 16 8.94
12 53 3.6
13 18 3.6
13 56 5
13 71 1.41
14 24 3.16
14 31 5.09
14 76 7.61
15 27 5.83
15 44 4.12
16 33 10.63
16 36 1.41
17 38 5.38
17 77 7.28
18 32 4.24
18 74 6.4
19 40 5.38
19 75 2.23
20 34 6
20 55 6.32
20 58 3.16
20 67 1
21 52 5.83
21 79 4.47
22 66 6.4
23 34 5
23 52 5.83
23 73 2.23
24 37 6.7
24 67 7.81
25 29 2
26 29 3.16
26 56 8.54
27 39 9.43
28 54 1
28 61 4.47
29 63 7.61
29 66 6.4
30 64 8
30 72 5.38
31 43 3.16
32 74 2.23
33 70 4.47
34 45 9.43
34 68 3.16
35 57 2
35 76 7.21
36 43 5.38
36 64 8.6
37 68 3.6
38 40 7
38 45 2.82
39 65 2
40 63 7.07
41 69 9.89
42 47 8.24
42 79 2
43 44 6.32
43 51 4.12
44 57 5.09
45 46 8
46 69 12.04
48 56 8.6
48 59 5.38
49 60 3.6
49 72 4.24
50 70 1
50 71 2.23
51 54 2.23
51 68 4.12
52 54 5
52 61 4.47
52 73 6.4
53 79 6.08
55 72 2.82
55 78 5.09
58 75 10
59 65 4.24
60 78 4.12
62 74 1
62 76 3
67 77 7.07
72 74 5.83
