0 28 2.36
0 62 2.07
1 21 3.93
1 66 1.6
2 35 4.94
3 4 3.48
3 41 1.26
3 43 1.51
3 75 4.03
4 8 4.83
5 6 1.13
6 64 3.16
7 53 1.8
7 60 1.52
7 79 3.51
8 65 3
8 78 2.29
10 61 4.14
10 71 2.7
11 36 1.92
12 13 4.12
12 53 4.79
13 56 4.57
14 24 4.91
14 31 3.85
14 76 2.43
16 36 2.81
17 38 3.09
18 32 3.51
19 75 2.72
20 55 1.15
20 67 3.01
22 66 2.89
23 34 2.13
23 73 4.84
24 37 2.12
24 67 4.25
27 39 1.22
28 61 2.38
30 64 2.17
31 43 3.78
34 45 3.89
35 76 2.22
36 43 2.15
37 68 3.98
38 45 1.3
40 63 1.31
42 47 4.96
43 51 2.3
49 60 1.66
50 70 1.93
50 71 3.83
51 54 1
51 68 4.08
52 54 4.58
53 79 2.11
55 78 4.87
59 65 3.77
62 76 4.57
72 74 1.31
