0 0
1 29.5125
2 22.1625
3 11.525
4 16.025
5 16.8
6 24.2
7 19.05
8 20.375
9 26.6625
10 20.2125
11 31.0125
12 26.725
13 20
14 19.5125
15 26.95
16 24.4
17 41.9
18 15.5
19 21.9125
20 26.2125
21 21.5125
22 31.625
23 21.5125
24 23.4625
25 21.8
26 28.25
27 34.2375
28 6.725
29 24.3
30 21.5125
31 19.8625
32 10.2875
33 31.3875
34 19.8625
35 19.0125
36 22.6375
37 20.4125
38 35.175
39 24.125
40 28.6375
41 1.7625
42 18.675
43 15.9125
44 21.8
45 31.65
46 29.175
47 8.375
48 33.65
49 20.0875
50 24.55
51 10.7625
52 14.225
53 24.05
54 7.975
55 18.3125
56 26.25
57 21.5125
58 30.1625
59 26.925
60 24.5875
61 12.3125
62 6.25
63 30.6125
64 28.15
65 21.625
66 32.3
67 27.4625
68 15.9125
69 14.125
70 25.8
71 21.7625
72 14.7875
73 22.225
74 7.5
75 19.125
76 10
77 36.3
78 24.675
79 21.175
