0 29.5125
1 0
2 27.0375
3 34.625
4 33.925
5 25.2625
6 27.1125
7 21.9625
8 29.0125
9 31.225
10 28.775
11 40.5625
12 25.6875
13 32.4125
14 39.7875
15 35.4125
16 36.8625
17 50.8625
18 36.9125
19 42.8375
20 36.325
21 8
22 17.7625
23 22.575
24 42.35
25 20.2625
26 21.7125
27 42.7
28 22.7875
29 17.7625
30 41.0625
31 33.425
32 39.8
33 41.1875
34 28.825
35 33.2875
36 36.2
37 33.975
38 44.1375
39 32.7625
40 36.1125
41 31.275
42 16.0875
43 29.475
44 30.2625
45 40.6125
46 50.3125
47 26.3875
48 42.2875
49 32.7125
50 34.35
51 24.325
52 15.2875
53 21.1875
54 21.5375
55 39.725
56 32.3875
57 35.7875
58 40.275
59 35.5625
60 28.2125
61 20.875
62 35.7625
63 27.275
64 31.0625
65 30.2625
66 9.7625
67 37.575
68 29.475
69 35.2625
70 35.6
71 31.5625
72 38.0125
73 23.2875
74 37.0125
75 42.225
76 39.5125
77 46.4125
78 33.3625
79 13.5875
