0 22.1625
1 27.0375
2 0
3 20.125
4 15.625
5 20.1125
6 28.1125
7 26.375
8 10.475
9 17
10 20.775
11 22.025
12 32.05
13 25.325
14 23.075
15 20.2625
16 25.0375
17 32.2375
18 28.2625
19 30.5125
20 17.7
21 19.0375
22 21.725
23 6.5375
24 19.125
25 25.1125
26 31.5625
27 26.0125
28 15.4375
29 27.6125
30 31.5875
31 20.5
32 23.05
33 33.1875
34 10.2
35 6.25
36 23.275
37 10.75
38 25.5125
39 14.225
40 29.7875
41 23.925
42 27.125
43 16.55
44 15.1125
45 21.9875
46 31.775
47 30.5375
48 23.75
49 24.625
50 26.35
51 11.4
52 11.75
53 31.375
54 14.1875
55 21.3375
56 31.575
57 8.75
58 21.65
59 17.025
60 20.125
61 17.3375
62 19.0125
63 20.95
64 32.0625
65 11.725
66 29.725
67 18.95
68 6.25
69 16.725
70 27.6
71 23.5625
72 24.8625
73 3.75
74 20.2625
75 27.725
76 15.2625
77 27.7875
78 14.975
79 24.625
