0 11.525
1 34.625
2 20.125
3 0
4 4.5
5 18.05
6 26.05
7 25.55
8 9.65
9 26.2
10 9.65
11 20.25
12 20.925
13 14.2
14 15.4625
15 18.2
16 13.6375
17 32.5875
18 18.7
19 10.3875
20 24.05
21 26.625
22 20.9
23 19.1625
24 19.4125
25 23.05
26 29.5
27 25.1875
28 14.3375
29 25.55
30 30.7625
31 9.1
32 21.8125
33 22.0625
34 19.4
35 21.9125
36 11.875
37 19.95
38 25.8625
39 13.4
40 17.1125
41 9.7625
42 30.2
43 5.15
44 13.05
45 29.3875
46 30.95
47 19.9
48 22.925
49 23.8
50 15.225
51 10.3
52 19.3375
53 25.425
54 13.0875
55 20.5125
56 20.45
57 19.4125
58 20.1
59 16.2
60 19.3
61 17.55
62 17.775
63 25.95
64 22.625
65 10.9
66 28.9
67 25.3
68 15.45
69 15.9
70 16.475
71 12.4375
72 24.0375
73 16.375
74 19.025
75 7.6
76 21.525
77 34.1375
78 14.15
79 32.2125
