0 16.025
1 33.925
2 15.625
3 4.5
4 0
5 22.55
6 26.2
7 21.05
8 5.15
9 30.7
10 5.15
11 16.7
12 16.425
13 9.7
14 19.9625
15 22.7
16 18.1375
17 37.0875
18 14.2
19 14.8875
20 23.9125
21 25.925
22 16.4
23 14.6625
24 23.9125
25 27.55
26 26.625
27 20.6875
28 18.6375
29 30.05
30 26.2625
31 13.6
32 19.5
33 17.5625
34 20.9125
35 21.875
36 16.375
37 24.45
38 30.3625
39 8.9
40 21.6125
41 14.2625
42 31.025
43 9.65
44 17.55
45 32.7
46 26.45
47 24.4
48 18.425
49 19.3
50 10.725
51 14.8
52 18.6375
53 20.925
54 17.5875
55 16.0125
56 15.95
57 23.9125
58 24.6
59 11.7
60 14.8
61 13.05
62 22.275
63 30.45
64 27.125
65 6.4
66 24.4
67 25.1625
68 19.95
69 11.4
70 11.975
71 7.9375
72 19.5375
73 11.875
74 22.2
75 12.1
76 26.025
77 34
78 9.65
79 28.525
