0 6 3
0 25 7.07
0 27 2
0 37 5.38
0 39 5.38
1 10 2
1 16 6.4
1 18 8.48
1 19 7.81
1 39 2.23
2 8 6.7
2 31 8.54
2 37 1.41
3 23 2.23
3 25 10.29
3 38 4.12
4 15 10
4 23 6.7
4 32 8.24
5 17 3
5 22 3.16
5 27 7.07
6 7 5
6 32 6.7
6 36 5
7 23 6.08
7 36 3.16
8 30 5
9 14 4.12
9 35 8.54
10 11 7.07
10 19 6.7
11 26 7.21
11 29 7.61
12 22 7.81
12 31 6.08
13 24 3.6
13 35 5.09
13 37 5
14 28 6.7
15 24 9.21
16 21 1
16 28 8.48
16 39 7.21
17 21 4.12
18 30 1
20 27 3
20 38 4
21 34 8.06
23 26 5
24 34 2
25 34 7.28
26 29 1.41
26 31 4.24
26 36 2
27 32 5.83
30 36 3.6
30 37 2
33 35 7.81
35 37 3.6
