0 12 8.6
0 25 4.47
0 34 7.07
0 38 7.21
0 39 8.24
1 3 5.83
1 16 6.08
1 17 8.6
1 30 5.38
2 22 4.24
2 33 4.47
3 4 5.09
3 20 4.47
3 26 8.06
4 6 9.43
4 24 6
5 10 1.41
5 24 4.47
6 35 6.32
7 13 2
7 23 7.61
8 13 9
8 39 6.08
9 20 8.6
9 21 6.32
10 28 2.82
11 28 8.06
11 36 5.83
12 14 3.16
13 19 2
13 24 2.23
14 30 7.07
14 38 4.47
15 23 5.09
15 29 1.41
15 34 5.09
16 24 10.63
16 26 5.09
16 27 4.47
16 36 4.24
17 21 5.09
17 25 3.6
18 20 7.21
18 38 5
19 23 7.07
19 32 8
20 23 3
20 33 7.61
21 37 3.16
22 27 5
25 30 1.41
25 37 2.23
26 39 4.47
27 39 3.16
28 38 6.7
29 39 7.07
30 37 1
31 33 9.21
31 35 7.61
32 37 4.12
