0 5 8.54
0 10 6.32
0 18 4.24
0 32 5
1 9 5
1 31 9.48
2 25 5.09
2 33 5
2 36 1.41
3 18 5
3 20 3.6
4 9 6.32
4 15 7.07
4 21 9.05
5 14 6.7
5 20 10.63
5 28 5.83
5 29 7.28
6 8 6.32
6 15 3
6 16 4.12
6 30 4.12
7 13 5.65
7 26 1.41
7 27 8.06
7 28 3.16
8 35 9.21
8 36 5.09
9 33 2.82
9 39 3.16
10 27 2.82
11 19 2
11 38 4.12
12 24 4.47
12 28 5
13 35 3.16
14 21 4.12
14 27 7.61
15 17 7
15 23 3.6
15 30 1.41
16 23 6.08
16 34 6.4
16 39 2
17 30 8.06
18 32 3.6
18 39 2.23
19 31 2.23
20 21 1
20 35 2.23
21 39 7.21
22 34 6.4
23 33 5.38
24 25 2
26 36 8.06
28 29 2.23
29 37 2
29 39 4.12
33 37 5.38
37 38 4.47
