0 14 6
0 22 9.84
0 26 5.38
0 29 5
0 37 4.24
1 18 2.23
1 26 2
2 8 4.47
2 9 9.48
3 5 4.12
3 9 4.47
3 11 8.06
3 15 5.09
4 14 3
4 24 5.09
4 32 5.38
5 17 2.23
6 16 4
6 37 1.41
7 22 10
7 25 6.08
7 28 8.06
8 25 5.38
8 31 4
9 13 6.08
9 36 3.16
10 15 4.12
10 33 5.83
11 12 5.09
11 30 6.08
12 26 2.23
12 39 4.12
13 18 2
13 20 5.83
13 35 4.47
14 24 2.23
14 39 2.23
15 31 5.65
15 38 3.16
16 18 4.47
17 19 7.07
17 27 5
17 33 8.06
18 28 4
18 33 3.16
18 34 5
19 26 7.21
19 27 2.23
20 21 8.24
21 31 8.06
23 24 4.12
23 28 3.16
23 34 6.08
25 29 5
26 38 8.24
27 34 7.81
30 36 5.83
31 32 4.12
32 36 6.4
35 38 9
