0 11 3.6
0 35 5
0 38 3
0 59 6
0 72 6.4
1 29 2
1 53 1
2 5 6.7
2 60 6.4
2 61 4.12
3 23 7.28
3 65 7.21
4 7 2
4 64 3.6
5 45 7.28
5 52 5.83
6 16 5.09
6 30 3.16
6 46 4.12
6 65 6
7 25 4.24
7 47 4.47
7 61 8.06
8 10 6.32
8 31 7.28
9 58 4.47
9 76 4.12
10 33 8.6
10 64 2.82
11 22 4.47
12 28 3
12 74 5.09
13 30 1.41
13 45 8.24
13 73 8.94
13 77 3.16
14 37 5
14 42 9.89
15 48 7
15 49 2.82
15 56 9.21
15 77 3.6
16 44 6
16 59 8.24
16 70 8.94
17 18 3
17 48 2
17 71 6.7
18 24 3.6
19 47 6.32
19 51 4.47
19 64 5
19 69 1
20 27 3
21 52 5
21 73 1.41
22 66 2.82
23 44 1
23 59 10.63
23 79 10.29
24 38 4.12
24 43 5.38
24 58 5
25 61 5.38
26 31 6.4
26 63 2.23
27 28 2.82
27 33 5
28 50 4.12
29 34 2
29 56 8.06
29 64 3.16
30 56 4
30 62 5.09
32 56 5
32 66 1.41
33 55 6.08
33 63 7.81
34 41 8.6
34 59 1
35 55 4.12
35 66 2
36 57 2.82
36 60 5.38
37 70 8
38 39 7.61
38 46 6
38 59 3
39 68 4.12
40 48 5.83
40 67 6.7
41 52 4
41 67 7.07
41 69 5.65
42 50 5.09
43 48 2.23
43 76 8.06
43 78 2
44 51 9.48
44 58 6.4
45 58 5.38
46 78 7.07
47 55 5.83
48 72 6.08
48 73 8.24
48 74 8.06
49 51 1
51 62 4.47
51 77 5.09
53 59 3.16
54 69 4.47
54 71 3.16
54 74 2
57 75 5.09
58 74 3.16
59 79 2.23
65 75 8.24
68 76 7.07
69 75 9.84
70 73 1.41
