0 11 2.58
0 35 2.14
0 59 1.76
0 72 2.46
2 60 2.93
2 61 1.04
3 23 1.73
3 65 2.31
4 7 2.62
5 45 3.31
6 16 3.01
6 30 4.4
7 25 1.3
7 47 4.46
7 61 4.33
8 31 2.39
9 58 1.88
9 76 2.31
10 33 2.41
10 64 1.68
11 22 2.3
12 28 4.43
13 30 4.48
13 73 2.58
13 77 4.9
15 49 1.94
15 77 1.46
16 59 3.35
16 70 3.87
17 18 2.52
17 71 4.14
18 24 2.5
19 47 1.42
19 64 4.83
21 73 1.66
23 79 2.31
24 38 1.87
24 58 3.21
25 61 4.89
26 31 3.31
26 63 3.05
27 28 3.96
27 33 4.41
29 34 3.72
29 56 4.44
30 56 3.74
30 62 2.23
32 56 2.99
32 66 1.09
34 41 1.19
34 59 2.42
35 66 2.35
36 57 2.26
36 60 3.13
37 70 1.75
38 59 2.34
40 48 3.81
41 67 4.6
41 69 2.6
43 48 4.48
43 76 4.33
43 78 2.45
44 51 4.99
44 58 3.74
46 78 4.83
48 73 2.04
51 62 1.24
53 59 2.89
54 74 2.93
57 75 2.38
58 74 4.83
70 73 2.3
