0 0
1 0
2 0
3 0
4 0
5 2.5
6 5.81
7 9.36
8 0
9 4.46
10 0
11 0
12 5.55
13 8.57
14 2.78
15 3.1
16 0
17 0
18 1.89
19 0
20 1.04
21 0
22 2.53
23 3.74
24 0
25 3.11
26 5.42
27 3.15
28 0
29 9.28
30 0
31 0
32 0
33 0
34 0
35 0
36 9.48
37 7.71
38 0
39 0
40 8.61
41 0
42 7.78
43 0
44 0
45 9.18
46 4.37
47 0
48 6.85
49 0
50 0
51 8.31
52 0
53 8.66
54 3.68
55 0
56 8.08
57 0
58 9.12
59 0
60 0
61 0
62 1.75
63 8.67
64 0
65 9.45
66 9.56
67 6.6
68 0
69 1.97
70 0
71 3.9
72 0
73 0
74 8.62
75 0
76 3.37
77 6.6
78 4.84
79 9.65
