0 0
1 12.7
2 37.425
3 29.8875
4 19.7
5 30.975
6 16.4
7 22.2
8 26.625
9 20.7375
10 18.725
11 4.5
12 25.4625
13 22.1125
14 43.9125
15 24.35
16 17.8
17 17.15
18 13.4
19 21.45
20 29
21 27.6625
22 10.0875
23 20.7875
24 8.9
25 27.5
26 31.55
27 25.25
28 28.775
29 11.25
30 20.35
31 35.725
32 10.5125
33 19
34 8.75
35 6.25
36 44.0875
37 37.6625
38 3.75
39 13.2625
40 22.8875
41 19.5
42 40.2875
43 15.625
44 22.0375
45 21.875
46 11.25
47 18.6875
48 15.6
49 27.875
50 33.925
51 27.0375
52 24.5
53 11.45
54 21.6
55 11.4
56 16.7625
57 40.5625
58 15.15
59 7.5
60 45.425
61 32.275
62 26.7125
63 28.7625
64 15.2
65 23.9
66 8.75
67 28.3375
68 18.4125
69 22.7
70 27.6625
71 25.525
72 8
73 25.9
74 19.1
75 34.2
76 25.7
77 26.0625
78 18.125
79 10.2875
