0 12.7
1 0
2 28.675
3 27.5875
4 10.95
5 28.0375
6 21.525
7 13.45
8 17.875
9 25.9375
10 9.975
11 17.2
12 28.4
13 19.3375
14 42.925
15 23.0625
16 15.5
17 22.35
18 18.6
19 12.7
20 30.725
21 27
22 22.7875
23 18.4875
24 14.1
25 18.75
26 33.275
27 26.975
28 30.5
29 2.5
30 17.575
31 26.975
32 18.825
33 20.725
34 5
35 18.95
36 36.1375
37 36.675
38 8.95
39 18.4625
40 30.9
41 15.75
42 42.0125
43 20.825
44 19.7375
45 27.075
46 16.45
47 19.0375
48 23.6125
49 19.5375
50 35.65
51 18.2875
52 20.75
53 1.25
54 19.5375
55 24.1
56 12.575
57 32.6125
58 20.35
59 5.2
60 36.675
61 23.525
62 23.875
63 30.4875
64 6.45
65 29.025
66 20.5875
67 24.5875
68 23.6125
69 13.95
70 26.675
71 23.4875
72 20.7
73 28.4375
74 22.0375
75 26.25
76 30.9
77 23.2875
78 23.325
79 7.9875
