0 37.425
1 28.675
2 0
3 42.55
4 17.725
5 8.375
6 33.4875
7 15.225
8 33.65
9 29.7875
10 25.75
11 41.925
12 34.5125
13 27.775
14 41.6875
15 36.225
16 36.6125
17 36.475
18 34.95
19 28.475
20 45.5375
21 21.9125
22 39.275
23 33.45
24 30.45
25 11.875
26 48.25
27 41.7875
28 38.2625
29 26.175
30 29.5375
31 42.75
32 37.5125
33 35.7
34 28.675
35 33.25
36 14.725
37 35.4375
38 33.675
39 43.1875
40 37.875
41 20.6625
42 49.775
43 36.7625
44 32.2
45 17.475
46 38.6375
47 20.8125
48 33.975
49 35.3125
50 43.4125
51 34.0625
52 15.6625
53 29.925
54 30.65
55 28.1
56 34.5375
57 18.25
58 24.2
59 29.925
60 8
61 5.15
62 35.9
63 45.4625
64 22.225
65 34.9125
66 35.75
67 29.5
68 43.775
69 27.725
70 25.4375
71 34.6
72 41.575
73 23.675
74 28.15
75 24.6125
76 34.9375
77 31.725
78 39.2625
79 32.7125
