0 29.8875
1 27.5875
2 42.55
3 0
4 34.5875
5 34.175
6 16.5125
7 37.0875
8 41.5125
9 23.9375
10 33.6125
11 34.3875
12 28.6625
13 22.225
14 45.275
15 26.975
16 17.85
17 32.85
18 29.1
19 27.7875
20 39.6875
21 32.55
22 37
23 9.1
24 24.6
25 42.3875
26 54.7375
27 35.9375
28 32.4125
29 26.1375
30 20.4625
31 50.6125
32 31.7125
33 42.1875
34 23.6375
35 35.975
36 29.2
37 39.025
38 26.1375
39 35.65
40 39.6625
41 34.3875
42 43.925
43 31.325
44 10.35
45 25.075
46 21.6625
47 35.6875
48 32.375
49 23.45
50 37.5625
51 22.2
52 38.8
53 26.3375
54 24.8
55 41.125
56 25.4625
57 25.675
58 18.35
59 22.3875
60 35.925
61 47.1625
62 26.825
63 51.95
64 30.0875
65 9.0125
66 33.475
67 43.225
68 37.925
69 29.0375
70 29.025
71 28.75
72 37.8875
73 30.7875
74 22.3
75 19.3125
76 29.0875
77 26.175
78 30.5
79 21.9625
