0 19.7
1 10.95
2 17.725
3 34.5875
4 0
5 26.1
6 27.475
7 2.5
8 15.925
9 29.625
10 8.025
11 24.2
12 26.45
13 25.2875
14 49.925
15 21.1125
16 22.5
17 29.35
18 25.6
19 10.75
20 28.775
21 30.3125
22 26.55
23 25.4875
24 21.1
25 7.8
26 31.325
27 25.025
28 28.55
29 8.45
30 23.525
31 25.025
32 24.775
33 18.775
34 10.95
35 20.525
36 32.45
37 43.675
38 15.95
39 25.4625
40 36.275
41 19.0625
42 40.0625
43 27.825
44 26.7375
45 30.7625
46 23.45
47 8.0875
48 29.8625
49 17.5875
50 33.7
51 16.3375
52 24.0625
53 12.2
54 17.5875
55 15.375
56 18.525
57 30.6625
58 24.0375
59 12.2
60 25.725
61 12.575
62 21.925
63 28.5375
64 4.5
65 34.6
66 23.025
67 27.9
68 30.6125
69 12
70 33.675
71 21.5375
72 27.7
73 32.075
74 20.0875
75 24.3
76 34.775
77 22.7
78 30.325
79 14.9875
