0 19 5.38
0 56 1.41
0 63 6
1 23 1.41
1 47 7.81
1 55 9.43
2 66 3.6
2 67 1
3 35 4.24
3 46 3.16
3 79 7.21
4 17 4.12
4 71 6
4 74 4.47
4 78 3.6
5 30 6.4
5 52 4.12
6 49 7.07
6 69 5.38
7 11 8
7 28 8.6
7 51 4.24
8 31 3.6
8 51 5
8 65 1.41
8 77 3.16
9 21 3.16
9 45 3.16
9 67 4.12
10 11 9.84
10 29 10.81
10 32 6
10 57 8.06
10 76 8.24
11 48 1.41
11 73 7.21
12 15 3
12 56 5
12 75 2.23
13 29 7.81
13 39 6.08
13 52 6.4
14 38 7.81
14 52 5.09
14 57 5.09
15 71 3.6
16 36 2.23
16 42 6.08
16 65 2.23
16 76 6.7
17 21 4.12
17 49 4
17 51 2.23
18 33 2.23
18 53 4.12
18 69 6
18 73 8.94
19 56 6.08
19 72 2
20 37 9.05
20 44 7.07
20 46 6.4
20 71 3
21 60 6.7
22 26 1.41
22 75 5.09
23 33 8
23 75 2.82
24 37 1.41
24 54 5
24 78 8.94
25 27 7.81
25 69 6.08
25 70 4.47
26 46 6.08
27 32 7.28
27 41 5.09
28 68 10
29 48 1.41
29 75 6.08
29 78 9.21
30 36 4.12
30 40 3.16
31 67 2.23
32 42 8.24
34 64 2.23
34 79 8
35 74 2.82
36 50 3.16
36 76 5.09
37 55 7.28
38 68 9.43
39 43 6.4
39 54 5.83
39 60 9.43
40 60 5
40 76 3
41 61 6.7
42 43 3.16
43 74 1
44 50 4.47
44 58 2.82
45 57 7.07
45 69 9.05
45 70 7.28
46 55 5.83
47 53 7.28
47 67 2.23
48 62 7.21
49 70 7.07
51 62 2
53 72 3
54 59 6.4
55 65 3.6
56 66 9.05
58 70 4
59 64 9.89
61 66 9.05
61 77 8
63 73 5
