0 56 3.96
1 23 1.57
1 47 1.53
1 55 2.65
2 66 4.16
2 67 2.09
3 46 2.8
3 79 4.73
4 17 4.8
4 78 3.76
5 30 1.06
6 49 4.05
6 69 1.94
7 28 2.42
9 21 1.15
10 29 4.24
10 32 2.12
10 57 1.27
11 48 2.78
11 73 1.03
12 56 4.36
12 75 1.25
13 29 3.78
13 39 2.24
14 38 3.47
14 52 2.76
14 57 3.89
15 71 1.79
16 42 4.3
17 21 2.12
17 49 4.8
18 33 3.05
18 53 2.04
18 69 1.37
19 56 2.55
20 37 3.08
20 44 1.47
20 46 3.13
20 71 2.66
21 60 2.74
22 26 3.92
23 33 3.73
23 75 1.36
24 54 2.97
25 69 2.34
26 46 1.7
27 32 1.02
27 41 1.23
29 48 2.73
29 75 3.13
29 78 1.84
30 40 4.91
31 67 1.6
32 42 2.4
34 64 4.55
34 79 4.24
39 43 2.67
40 76 3.55
41 61 2.54
43 74 2.87
45 57 2.24
45 70 1.29
47 53 3.04
47 67 3.96
48 62 3.52
49 70 2.25
51 62 4.36
53 72 2.9
54 59 4.22
56 66 2.93
58 70 1.8
63 73 2.37
