0 0
1 0
2 0
3 0
4 0
5 4.82
6 0
7 6.28
8 7.6
9 1.89
10 0
11 2.48
12 0
13 0
14 6.39
15 0
16 5.97
17 0
18 7.54
19 0
20 0
21 4.14
22 7.42
23 0
24 0
25 8.19
26 0
27 0
28 6.12
29 4.1
30 0
31 0
32 0
33 0
34 5.11
35 1.22
36 0
37 3.88
38 3.97
39 0
40 0
41 8.64
42 5.51
43 0
44 3.63
45 0
46 3.03
47 7.93
48 3.24
49 5.12
50 3.24
51 3.07
52 0
53 0
54 2.06
55 0
56 0
57 7.01
58 0
59 7.04
60 8.16
61 0
62 6.06
63 0
64 0
65 2.89
66 0
67 0
68 0
69 0
70 8.28
71 7.75
72 1.5
73 0
74 6.7
75 5.27
76 1.53
77 0
78 1.54
79 1.5
