0 0
1 16.0875
2 17.575
3 30.475
4 23.7625
5 41.3125
6 32.35
7 31.925
8 26.1125
9 23.975
10 31.9125
11 21.925
12 8.0125
13 28.1625
14 42.525
15 11.7625
16 30.6625
17 28.9125
18 18.125
19 6.725
20 20.0125
21 27.925
22 17.1625
23 14.325
24 33.0875
25 33.225
26 18.925
27 39.125
28 42.675
29 18.4
30 38.6
31 21.6125
32 39.4125
33 20.9125
34 49.4875
35 32.875
36 33.45
37 31.325
38 52.2875
39 35.7625
40 42.55
41 32.7625
42 34.55
43 30.6
44 28.85
45 27.925
46 26.525
47 21.6125
48 20.1625
49 33.9125
50 34.4375
51 31.675
52 36.1625
53 12.975
54 39.3375
55 27.875
56 1.7625
57 36.7625
58 32.375
59 47.3375
60 36.3
61 24.3875
62 29.175
63 7.5
64 52.275
65 27.875
66 13.075
67 18.825
68 55.175
69 25.625
70 37.025
71 16.2625
72 9.225
73 13.75
74 29.35
75 10.8
76 39.0375
77 30.0625
78 28.2625
79 39.4875
