0 16.0875
1 0
2 13.8
3 23.025
4 23.825
5 35.0125
6 28.775
7 26.4125
8 18.05
9 17.7
10 26.4
11 16.4125
12 8.075
13 22.65
14 36.85
15 11.825
16 19.075
17 26.8
18 14.55
19 21.925
20 20.075
21 21.65
22 11.65
23 1.7625
24 22.65
25 29.65
26 13.4125
27 39.4125
28 37.1625
29 12.8875
30 27.0125
31 15.3375
32 33.9
33 11.7625
34 42.0375
35 28.325
36 21.8625
37 20.8875
38 46.6125
39 30.25
40 30.9625
41 37.9875
42 26.675
43 30.625
44 28.9125
45 21.65
46 19.075
47 9.7625
48 14.65
49 31.8
50 25.8125
51 24.3
52 30.65
53 18.8625
54 28.9
55 11.7875
56 14.325
57 30.4875
58 32.4375
59 36.9
60 30.025
61 29.6125
62 23.6625
63 23.5875
64 44.825
65 16.2875
66 18.3
67 12.55
68 49.6625
69 22.05
70 30.75
71 16.325
72 22.6125
73 25.425
74 29.4125
75 5.2875
76 27.45
77 22
78 24.4
79 32.0375
