0 17.575
1 13.8
2 0
3 26.0375
4 20.65
5 29.025
6 28.3875
7 20.0875
8 8.5375
9 6.4
10 29.2625
11 28.0625
12 21.875
13 36.45
14 25.55
15 25.625
16 13.0875
17 15.5
18 18.2875
19 19.3875
20 30.0875
21 10.35
22 25.45
23 15.5625
24 25.6625
25 25.0375
26 27.2125
27 30.55
28 30.8375
29 26.6875
30 21.025
31 4.0375
32 30.9875
33 21.075
34 45.05
35 29.4125
36 15.875
37 23.9
38 35.3125
39 30.5125
40 24.975
41 24.1875
42 20.6875
43 24.6375
44 25.4125
45 10.35
46 22.0875
47 4.0375
48 26.3
49 20.5
50 19.825
51 14.7875
52 31.9125
53 13.1375
54 31.9125
55 14.8
56 15.8125
57 19.1875
58 24.45
59 39.9125
60 18.725
61 15.8125
62 17.2875
63 25.075
64 47.8375
65 10.3
66 4.5
67 1.25
68 43.3375
69 21.6625
70 19.45
71 28.15
72 16.8875
73 29.4625
74 25.8875
75 19.0875
76 21.4625
77 12.4875
78 25.15
79 35.05
