0 30.475
1 23.025
2 26.0375
3 0
4 14.4125
5 34.4625
6 33.4
7 27.65
8 17.5
9 28.6625
10 31.825
11 30.8
12 22.4625
13 25.675
14 40.0375
15 20.2
16 18.525
17 19.5625
18 35.9875
19 36.3125
20 11.95
21 24.7125
22 13.3125
23 23.2
24 22.1
25 34.9
26 11.55
27 33.425
28 38.4
29 27.275
30 26.4625
31 22
32 24.325
33 33.2
34 19.0125
35 5.3
36 21.3125
37 20.3375
38 49.8
39 18.075
40 30.4125
41 39.7875
42 14.025
43 10.075
44 20.7875
45 32.6125
46 3.95
47 27.575
48 29.0375
49 24.5625
50 25.2625
51 22.35
52 33.675
53 36.675
54 25.3625
55 11.2375
56 28.7125
57 41.45
58 24.3125
59 33.3625
60 29.8625
61 31.45
62 24.85
63 37.975
64 21.8
65 15.7375
66 30.5375
67 24.7875
68 50.9
69 40.125
70 29.3125
71 15.7
72 38.8125
73 39.8125
74 8.825
75 19.675
76 26.9
77 21.45
78 18.9125
79 9.0125
