0 23.7625
1 23.825
2 20.65
3 14.4125
4 0
5 34.325
6 18.9875
7 13.2375
8 14.1875
9 14.25
10 28.5875
11 19.5375
12 15.75
13 22.4375
14 33.4
15 12
16 18.3875
17 5.15
18 33.2125
19 29.6
20 11.25
21 10.3
22 24.9
23 22.0625
24 15.675
25 24.575
26 25.9625
27 30.1875
28 23.9875
29 16.0125
30 26.325
31 18.6875
32 21.0875
33 32.0625
34 33.425
35 9.1125
36 21.175
37 17.4375
38 43.1625
39 14.8375
40 24.925
41 36.5125
42 10.7875
43 6.8375
44 20.0875
45 18.2
46 18.3625
47 22.1875
48 17.775
49 10.15
50 25.125
51 7.9375
52 30.4375
53 31.2875
54 21.925
55 20.45
56 22
57 27.0375
58 23.6125
59 29.925
60 18.675
61 28.1375
62 10.4375
63 31.2625
64 36.2125
65 15.95
66 25.15
67 19.4
68 36.4875
69 25.7125
70 18.9875
71 7.5
72 32.1
73 28.55
74 5.5875
75 18.5375
76 26.7625
77 18.1375
78 4.5
79 23.425
