0 24 5
0 35 4.24264
0 38 6.40312
0 39 1.41421
1 10 4.12311
1 12 6.08276
1 16 7.07107
2 3 7.07107
2 34 9.21954
3 5 1
3 26 3
4 16 8.06226
4 18 5
4 23 8.06226
5 21 5
5 24 7.07107
5 26 4
6 22 3.16228
6 38 3.60555
7 10 2
7 17 3.60555
7 38 3.16228
8 31 3
8 36 1
9 28 4.24264
9 36 5.83095
10 30 5.83095
11 22 5.38516
11 23 5
11 25 8.48528
12 19 7.81025
12 24 6.32456
12 33 2.82843
12 34 6.32456
13 20 2.82843
13 28 6.32456
14 18 5.09902
14 25 4.12311
14 32 6.32456
14 34 9.43398
15 22 2.82843
15 24 3
16 26 2.23607
16 29 8.06226
17 18 8.60233
19 30 2.23607
19 32 4.47214
20 37 9.89949
21 33 5
25 27 3.16228
26 27 7.07107
27 29 5.09902
27 33 4.47214
29 33 7.61577
29 34 1.41421
30 32 6.08276
31 35 7.81025
32 37 3
33 39 8.06226
36 38 4
