0 6 3
0 65 6.7
0 74 3.16
0 77 2.23
1 10 4.47
1 77 5.38
2 27 6.4
2 41 2.23
2 66 2.82
3 39 3.16
3 63 5
4 50 4
4 68 9.21
5 24 4
5 31 3.6
5 77 4
6 20 4
7 33 1
7 45 7.81
7 71 9.43
7 76 6.32
8 30 7.21
8 33 4.12
8 46 5.09
8 49 3.16
9 55 7.28
9 76 7.61
10 24 3
10 65 4.12
10 76 2.23
11 34 1
11 36 5
11 45 8
11 63 9.21
12 56 5.09
12 65 8.06
13 34 5.09
13 42 2.23
13 70 2.23
14 22 5.83
14 46 2.23
15 40 2.82
15 43 5.83
15 44 5.38
15 72 9.21
16 19 8.06
16 57 3
17 52 3.6
17 55 4.47
17 62 6.08
18 23 3.6
18 32 10.29
18 41 4.12
18 64 7.81
19 29 2
20 46 3.16
20 67 3.16
21 38 2.23
21 60 2.23
22 32 2.82
23 25 6.7
23 26 3.6
23 63 3.16
25 34 7
25 63 9.84
26 27 6.4
26 30 9.21
27 60 4.12
28 67 4.47
28 75 6.4
29 47 8.06
30 45 2.23
31 53 6.32
31 77 6.7
32 78 3
33 36 8.54
35 68 7.07
35 69 3.16
36 39 5.38
36 54 3.16
37 48 4.12
37 61 3.16
37 73 8.06
38 48 6.4
39 78 5
40 47 2
40 61 8.48
40 73 2.23
41 54 5.83
42 43 4.47
42 79 8.48
44 65 7.21
44 73 4.47
45 52 7.28
46 72 5.83
47 76 1
48 57 5.09
49 66 2.23
50 76 7
51 55 5
51 65 3.16
51 75 8.54
52 56 3.6
52 77 2
53 55 7.07
53 59 3.6
54 59 3.16
54 65 5.83
55 71 5.09
58 62 9.48
58 72 3.16
62 66 5
63 70 6.08
63 72 7.21
64 67 7.07
64 69 7.21
68 71 9
70 79 4.24
74 79 7.21
76 77 5.09
