2 41 4.86
3 63 4.64
4 50 4.05
5 24 4.88
5 31 3.54
5 77 1.9
7 33 1.41
7 71 3.38
8 30 1.52
9 76 3.95
10 24 3.38
10 65 4.98
10 76 2.65
11 45 1.33
11 63 4.4
12 56 1.58
12 65 4.7
14 22 1.4
14 46 4.01
15 40 1.04
15 44 1.94
16 19 2.1
17 55 1.4
17 62 1.28
18 23 1.76
18 41 2.89
19 29 2.27
20 67 3.84
22 32 3.61
23 63 1.89
26 27 3.3
28 67 3.33
29 47 3.14
31 53 1.02
33 36 4.9
36 54 2.85
37 48 4.74
37 61 1.17
37 73 4.13
38 48 2.82
39 78 4.29
40 61 4.07
40 73 1.66
41 54 3.41
42 79 3.21
45 52 1.38
46 72 4.32
47 76 2.92
48 57 3.91
50 76 4.98
51 55 3
52 56 3.58
52 77 2.1
53 55 1.71
54 65 2.11
55 71 4.09
64 67 3.1
64 69 4.19
68 71 3.72
76 77 3.76
