0 0
1 9.5125
2 25.7375
3 30.2875
4 22.9
5 7.7875
6 3.75
7 17.05
8 19.0625
9 18.6625
10 11.9375
11 24.3875
12 16.15
13 21.05
14 15.4875
15 16.425
16 33.05
17 9.7875
18 28.1
19 22.975
20 8.75
21 41.675
22 22.775
23 29.8125
24 12.7875
25 34.3875
26 28.6875
27 33.7375
28 18.2875
29 20.475
30 17.175
31 11.1625
32 26.3
33 18.3
34 25.6375
35 34.5
36 19.6125
37 25.7625
38 38.9125
39 26.3375
40 12.9
41 22.95
42 23.5625
43 23.7125
44 17.3875
45 14.3875
46 12.7
47 10.4
48 30.9125
49 23.0125
50 17.9
51 12.325
52 5.2875
53 19.0625
54 15.6625
55 15.375
56 9.7875
57 36.8
58 23.9375
59 19.6125
60 38.8875
61 23.5
62 17.3875
63 25.8625
64 21.5375
65 8.375
66 23.6375
67 12.7
68 32.9875
69 30.55
70 18.2625
71 21.7375
72 19.9875
73 15.6875
74 3.95
75 23
76 9.15
77 2.7875
78 30.05
79 12.9625
