0 9.5125
1 0
2 28.1
3 32.65
4 22.125
5 11.725
6 13.2625
7 16.275
8 22.675
9 17.8875
10 5.5875
11 28.225
12 20.0875
13 30.5625
14 25
15 15.65
16 32.275
17 13.725
18 30.4625
19 22.2
20 18.2625
21 40.925
22 32.2875
23 34.9625
24 9.3375
25 38.225
26 32.625
27 36.1
28 27.8
29 19.7
30 21.1125
31 15.1
32 35.8125
33 17.525
34 29.475
35 42.475
36 21.975
37 24.9875
38 38.1375
39 28.7
40 12.125
41 25.3125
42 28.525
43 22.9375
44 19.75
45 18.325
46 22.2125
47 9.625
48 30.1375
49 26.625
50 17.125
51 14.6875
52 9.225
53 23
54 18.025
55 19.3125
56 13.725
57 36.025
58 31.1125
59 21.975
60 41.25
61 22.725
62 21.325
63 35.375
64 31.05
65 10.7375
66 27.575
67 22.2125
68 33.6375
69 40.0625
70 27.775
71 25.675
72 27.1625
73 14.9125
74 13.4625
75 25.3625
76 8.375
77 6.725
78 34.95
79 22.475
