0 25.7375
1 28.1
2 0
3 22.6375
4 38.3125
5 29.375
6 25.575
7 16.6625
8 10.2625
9 32.0625
10 22.5125
11 20.275
12 27.4375
13 26.775
14 19.4125
15 31.8375
16 36.8375
17 17.375
18 7.9375
19 38.3875
20 20.575
21 15.9375
22 24.325
23 12.4375
24 26.2625
25 20.8125
26 16
27 8
28 30.1125
29 35.8875
30 19.275
31 26.425
32 20.8
33 15.4125
34 21.525
35 30.6625
36 14.025
37 31.875
38 18.725
39 20.75
40 28.3125
41 2.7875
42 29.5625
43 35.15
44 26.375
45 22.0625
46 16.625
47 25.8125
48 26.725
49 6.3125
50 33.3125
51 21.3125
52 21.875
53 18.525
54 10.075
55 22.9625
56 26.375
57 33.0875
58 21.625
59 14.025
60 13.15
61 35.825
62 9.775
63 16.3875
64 17.7
65 17.3625
66 3.525
67 24.525
68 39.5
69 26.7125
70 23.9875
71 28.45
72 23.9125
73 31.1
74 29.6875
75 31.9875
76 24.5625
77 24.375
78 24.55
79 29.2875
