0 30.2875
1 32.65
2 22.6375
3 0
4 43.6
5 35.475
6 31.5
7 22.6
8 26.5
9 39.3625
10 27.0625
11 16.925
12 31.9875
13 16.6375
14 24.7625
15 26.775
16 51.5375
17 37.5
18 14.7
19 43.675
20 26.5
21 30.6375
22 17.475
23 10.2
24 30.8125
25 18.55
26 14.7
27 22.7
28 36.0375
29 41.175
30 26.2125
31 30.975
32 13.95
33 21.35
34 18.175
35 37.425
36 10.675
37 43.1625
38 33.425
39 3.95
40 30.3
41 19.85
42 19.425
43 25.0125
44 30.925
45 26.925
46 22.55
47 31.1
48 41.425
49 28.95
50 38.6
51 25.8625
52 35.575
53 23.075
54 14.625
55 31.9125
56 38.35
57 47.7875
58 19.2125
59 18.575
60 27.85
61 40.9
62 31.0625
63 6.25
64 24.4625
65 21.9125
66 26.1625
67 30.45
68 45.6375
69 33.475
70 13.85
71 34.3875
72 15.2625
73 33.0875
74 28.1625
75 36.5375
76 29.85
77 33.075
78 10.2
79 19.15
