0 22.9
1 22.125
2 38.3125
3 43.6
4 0
5 25.1125
6 26.65
7 21.65
8 28.05
9 23.2625
10 16.5375
11 39.175
12 31.7625
13 36.6875
14 37.2
15 21.025
16 37.65
17 27.1125
18 41.4125
19 27.575
20 31.65
21 46.3
22 44.4875
23 45.5
24 20.2875
25 49.175
26 45.7125
27 46.3125
28 41.1875
29 25.075
30 34.2
31 28.4875
32 48.0125
33 22.9
34 40.425
35 20.35
36 32.925
37 30.3625
38 43.5125
39 39.65
40 17.5
41 36.2625
42 33.9
43 28.3125
44 25.875
45 31.4125
46 34.4125
47 15
48 35.5125
49 32
50 5
51 25.6375
52 22.6125
53 36.3875
54 28.975
55 29.125
56 27.1125
57 41.4
58 36.4875
59 32.925
60 49.0875
61 28.1
62 34.7125
63 41.55
64 33.3125
65 21.6875
66 34.7875
67 35.6
68 11.5125
69 24.3
70 39.475
71 22.7625
72 32.5375
73 20.2875
74 26.85
75 36.3125
76 13.75
77 20.1125
78 45.9
79 35.8625
