0 12 6.08276
0 18 1
0 40 5.09902
0 47 6.7082
0 66 10.8167
1 15 2.82843
1 57 4.12311
1 64 1.41421
2 55 5.83095
3 37 1
3 73 8.06226
4 35 8.48528
4 68 5.83095
4 70 6.7082
5 20 6.40312
5 29 1
5 49 2.23607
5 51 1
5 58 5.65685
6 15 5.09902
6 24 3.16228
6 55 3
6 59 6.7082
7 17 3.60555
7 26 1
7 52 6.7082
8 35 12.0416
8 49 5.65685
8 55 8.06226
8 58 10.8167
8 72 5
9 11 3
9 52 1
9 53 5.65685
10 52 2
10 70 8.06226
11 29 6.7082
11 69 7.07107
11 75 7.07107
12 24 8.94427
12 61 9.05539
12 67 6.08276
13 25 4.47214
13 30 7
13 65 1.41421
13 79 3.60555
14 40 7.07107
14 66 12.0416
15 16 7.07107
16 56 3.60555
16 76 2
17 48 5.38516
17 65 6
18 46 7.07107
18 58 5
18 66 11.4018
19 41 6.08276
19 57 9.21954
19 78 3.60555
20 63 9.48683
21 25 8.06226
21 79 4.47214
22 49 2.23607
22 77 2.23607
23 28 9.43398
23 68 7.61577
25 32 8.06226
26 30 6.40312
26 61 8.06226
27 43 9.84886
27 57 9.05539
27 67 5.83095
28 29 2.82843
28 40 7.28011
28 54 6.40312
29 71 5.65685
30 75 7.28011
31 56 5.38516
31 73 7
32 39 6.7082
32 44 2.23607
33 65 7.81025
33 69 9.21954
34 38 7
34 50 8.94427
35 41 4.24264
35 63 5
36 43 7.81025
36 55 5.83095
36 71 8.06226
36 76 5.38516
36 79 6.08276
37 45 7.07107
37 72 4.24264
38 59 6.40312
39 62 4.24264
40 69 8
42 44 8.48528
42 51 5.38516
42 62 4.47214
42 71 9.43398
43 59 4.12311
44 46 6.40312
44 75 6
45 60 1.41421
45 68 7.07107
46 61 5.83095
47 62 4.12311
48 79 6.32456
50 55 8.24621
50 63 5
52 67 4
53 55 6.08276
54 74 4.24264
54 77 1
57 65 8
58 74 4.47214
60 78 4.47214
64 66 5.83095
74 78 7.61577
