0 47 1.9
0 66 3.1
1 57 4.9
1 64 4.42
2 55 2.1
3 37 1.14
3 73 3.73
4 68 3.78
4 70 2.44
5 20 4.23
5 49 4.19
5 58 3.69
6 15 2.26
6 24 2.45
6 55 1.13
6 59 3.36
7 17 3.12
7 26 1.61
7 52 4.44
8 58 3.76
8 72 2.78
10 52 4.57
10 70 2.96
11 29 1.48
11 69 3.82
11 75 2.02
12 24 1.73
12 61 2.43
13 25 3.98
13 30 1.44
13 65 1.95
13 79 4.62
14 66 4.34
16 76 4.19
17 65 4.85
18 46 2.15
18 58 2.44
18 66 3.89
19 41 4.24
19 57 4.17
19 78 2.49
20 63 1.47
21 25 4.53
21 79 4.11
23 68 1.98
26 30 3.22
26 61 3.56
27 43 4.03
27 67 3.2
28 29 3.86
28 40 2.99
28 54 4.04
29 71 4.06
30 75 4.3
31 56 2.58
31 73 1.78
32 44 4.16
33 65 3.36
33 69 2.5
34 38 2.44
35 41 4.86
35 63 4.24
36 43 5
36 55 3.86
36 76 3.36
36 79 3.24
37 45 2.07
37 72 4.41
38 59 4.24
40 69 2.52
42 44 3.82
42 71 4.71
43 59 2.58
44 46 1.19
44 75 3.06
45 60 4.65
46 61 1.67
50 55 1.37
52 67 4.52
54 77 2.24
57 65 1.54
60 78 4.22
64 66 3.67
74 78 3.56
