0 0
1 0
2 0
3 0
4 0
5 7.8
6 3.6
7 5.2
8 1.87
9 0
10 5.33
11 5.02
12 9.97
13 0
14 5.72
15 8.88
16 5.97
17 7.02
18 0
19 9.39
20 0
21 0
22 2.51
23 0
24 9.97
25 0
26 6.2
27 7.76
28 0
29 9.92
30 3.63
31 0
32 0
33 5.39
34 3.47
35 3.15
36 8.49
37 3.73
38 8.91
39 0
40 1.02
41 0
42 0
43 5.64
44 9.18
45 0
46 5.62
47 8.72
48 0
49 0
50 6.74
51 3.9
52 0
53 1.95
54 0
55 9.47
56 5.38
57 0
58 7.97
59 9.38
60 0
61 0
62 0
63 2.36
64 9.82
65 8.77
66 0
67 8.82
68 5.64
69 1.47
70 0
71 0
72 0
73 7.56
74 3.36
75 5.27
76 2.1
77 6.42
78 0
79 9.12
