0 0
1 22.5773
2 33.7753
3 33.8241
4 41.17
5 14.5711
6 22.7366
7 28.5922
8 21.0208
9 21.4569
10 22.7069
11 24.2063
12 7.60345
13 36.5558
14 15.2126
15 26.1128
16 34.9516
17 33.0991
18 1.25
19 27.1168
20 22.575
21 41.0435
22 20.1612
23 27.2664
24 18.7838
25 30.9656
26 27.4553
27 22.4956
28 15.4739
29 15.8211
30 34.6929
31 46.19
32 20.8878
33 27.8982
34 47.8758
35 36.0728
36 32.97
37 32.5741
38 39.1258
39 18.8424
40 6.37377
41 34.7203
42 19.1293
43 34.8067
44 18.0927
45 29.9678
46 10.0888
47 8.38525
48 39.8306
49 17.3662
50 36.7944
51 15.8211
52 20.2069
53 28.528
54 18.3935
55 26.4866
56 39.4586
57 27.7312
58 7.5
59 31.1219
60 28.2001
61 17.3775
62 13.5391
63 34.4335
64 20.8095
65 37.661
66 13.5208
67 15.2069
68 36.7861
69 16.3738
70 32.7847
71 22.8921
72 27.2708
73 43.9019
74 13.0902
75 25.5927
76 37.4516
77 19.6435
78 22.6099
79 40.5734
