0 22.5773
1 0
2 20.948
3 36.5404
4 40.1917
5 33.6033
6 9.90931
7 27.1608
8 23.7371
9 28.3338
10 31.2618
11 32.0838
12 25.0425
13 16.9216
14 24.1085
15 3.53553
16 12.3744
17 22.6539
18 23.3086
19 16.6783
20 41.6072
21 27.0188
22 33.6033
23 46.9017
24 13.8622
25 22.5118
26 28.4108
27 16.4731
28 38.0512
29 34.8533
30 25.6716
31 23.6128
32 32.5896
33 24.9167
34 35.0485
35 29.5851
36 20.948
37 35.2904
38 26.2985
39 40.9749
40 28.951
41 24.2818
42 41.5847
43 23.4484
44 35.3847
45 28.5432
46 32.1475
47 30.9625
48 29.3343
49 30.8082
50 23.9671
51 34.8533
52 28.7618
53 21.2628
54 36.0083
55 13.6593
56 16.8813
57 5.15388
58 29.5586
59 18.2946
60 26.7754
61 36.3617
62 36.1164
63 30.2171
64 1.76777
65 15.1539
66 9.05646
67 23.7618
68 37.382
69 36.4411
70 41.3396
71 31.0258
72 29.9871
73 32.3628
74 30.705
75 34.7718
76 14.8744
77 36.3984
78 21.1853
79 21.4286
