0 33.7753
1 20.948
2 0
3 30.1698
4 40.7031
5 27.2327
6 11.0387
7 31.5985
8 17.3665
9 21.9632
10 25.7132
11 25.7132
12 26.1719
13 26.6878
14 45.0564
15 17.4125
16 23.8088
17 35.9555
18 35.0253
19 37.6263
20 35.2366
21 27.771
22 27.2327
23 43.8107
24 14.9915
25 32.2779
26 32.8485
27 35.5019
28 32.0182
29 28.4827
30 35.4378
31 35.0472
32 42.3558
33 38.2184
34 28.7768
35 30.0965
36 14.5774
37 28.9198
38 27.4279
39 46.1076
40 40.1491
41 35.3998
42 35.2141
43 24.3402
44 42.052
45 37.7586
46 43.8642
47 42.1606
48 30.0865
49 24.4376
50 17.5965
51 28.4827
52 23.2132
53 14.8921
54 31.2777
55 7.28869
56 28.3158
57 26.1019
58 30.8873
59 19.4239
60 39.5264
61 37.4911
62 40.8043
63 23.8465
64 22.7158
65 28.4555
66 30.0045
67 28.2132
68 46.5975
69 34.552
70 35.791
71 24.6552
72 23.6165
73 40.2476
74 36.4775
75 34.552
76 21.3088
77 30.0277
78 42.1332
79 22.1808
