0 33.8241
1 36.5404
2 30.1698
3 0
4 26.2164
5 22.6695
6 26.6311
7 45.69
8 12.8033
9 36.0547
10 39.8047
11 32.3047
12 41.4276
13 42.2802
14 45.394
15 33.0049
16 30.0662
17 50.1969
18 32.5741
19 21.9537
20 30.6734
21 43.3634
22 22.6695
23 28.4474
24 30.584
25 47.8704
26 46.94
27 44.7974
28 27.455
29 23.9195
30 50.2437
31 18.8278
32 44.0526
33 52.668
34 44.3692
35 27.8553
36 30.1698
37 1.25
38 43.0203
39 41.5444
40 36.5551
41 29.5572
42 30.6509
43 39.9326
44 41.2575
45 10.0888
46 41.413
47 41.395
48 45.679
49 19.8744
50 33.1889
51 23.9195
52 37.3047
53 30.4846
54 26.7145
55 22.8811
56 25.5593
57 33.4781
58 26.3241
59 35.0164
60 11.8566
61 48.7016
62 36.2411
63 34.1053
64 38.3082
65 43.4781
66 45.5969
67 42.3047
68 18.9277
69 41.1435
70 34.6016
71 30.9905
72 6.5533
73 10.0778
74 26.9665
75 41.1435
76 32.5662
77 25.4645
78 17.4468
79 37.7733
