0 41.17
1 40.1917
2 40.7031
3 26.2164
4 0
5 33.3864
6 37.1644
7 29.3483
8 25.6586
9 22.2131
10 18.4631
11 25.9631
12 33.5665
13 43.123
14 46.5399
15 43.5381
16 49.9345
17 33.8553
18 42.42
19 23.5134
20 28.7151
21 53.2201
22 35.5247
23 16.8084
24 41.1172
25 48.7132
26 30.5983
27 33.2518
28 28.6009
29 32.1364
30 38.6022
31 45.0442
32 45.097
33 46.3263
34 34.2869
35 10.6066
36 40.7031
37 24.9664
38 43.0369
39 52.2613
40 37.701
41 15.9099
42 41.3679
43 45.5628
44 42.3019
45 16.1275
46 47.9648
47 49.5552
48 40.5867
49 32.7297
50 23.1066
51 34.6364
52 20.9631
53 29.2841
54 36.6048
55 33.4144
56 51.7756
57 35.0378
58 38.5953
59 45.5496
60 17.8953
61 40.6762
62 46.958
63 16.8566
64 41.9594
65 41.3553
66 49.2481
67 25.9631
68 7.28869
69 34.8019
70 8.38525
71 39.2075
72 30.2697
73 36.2942
74 33.0052
75 34.8019
76 47.4345
77 37.8548
78 23.4855
79 47.63
