0 14 7.81
0 16 8.54
0 27 4.12
0 28 8.54
0 33 8.6
1 15 7.28
1 28 2
2 35 1
2 37 4.12
3 15 1
3 31 2.23
4 7 5
4 18 1.41
5 6 2
5 23 10
6 10 5.65
6 25 3.16
7 23 4.24
8 16 9.48
8 33 9.21
8 38 3
9 20 4.47
9 25 3.6
9 39 1
10 24 5
10 25 3.16
11 16 5
11 32 5
11 39 2.23
12 18 7.07
12 19 3.6
12 37 9.21
13 20 9.05
13 39 5.38
14 31 6.4
15 26 4.24
17 30 1.41
17 34 4.12
18 20 7.21
18 27 5.38
18 38 6
19 29 10.29
20 23 5
21 23 9.89
21 24 3.6
21 30 4.24
21 39 5.83
22 25 7.28
22 29 9
22 36 10.81
23 28 5.09
24 27 1
25 26 2.23
26 28 5
27 34 5
29 36 9.48
29 38 8.54
32 35 7.21
32 38 7.81
33 35 6.4
