0 13 3.16
0 15 6
0 20 7.28
0 35 7.81
0 45 11.31
0 61 4.12
1 44 8
1 52 4.47
1 64 9.21
1 75 5
2 7 1
2 14 4.47
2 37 7.07
3 24 5.09
3 29 2
4 25 6.32
4 55 5.09
5 22 7.21
5 30 5.38
5 70 7.07
6 9 7.61
6 67 8.6
6 68 8.48
7 15 2
7 39 4.47
7 41 4.12
8 43 1.41
8 56 1.41
8 62 7.21
9 10 4.24
9 31 6.4
10 55 6
10 77 5
11 48 4.12
11 57 2
11 71 3.6
11 74 6.7
12 22 2.23
12 25 4.47
12 38 4
13 36 8.94
13 48 2.23
14 18 2.23
14 47 4.24
14 50 1
14 51 3.16
14 52 4.12
15 59 6.7
15 69 2.82
16 26 7
16 50 6.7
17 38 6.08
17 79 5.09
18 26 8.6
18 58 2.23
18 59 4.12
19 47 6.08
19 65 8.6
20 27 3.16
21 42 2.23
21 53 5.38
22 57 8.06
23 43 4.47
23 47 2.82
23 68 3
24 67 6.7
25 77 7.28
26 55 9.05
27 38 5
27 72 7
28 66 8.06
28 69 5
28 73 3
29 54 1.41
30 53 8.94
30 59 8.06
31 40 2.23
31 67 2.23
31 79 5.83
32 50 3.16
32 68 8.24
33 37 1.41
33 71 4.47
34 44 7.07
34 64 3.6
34 72 5.09
35 41 5.09
35 56 2
36 63 8.06
37 58 8.94
37 70 6
38 53 2.82
39 74 5.38
40 57 4.47
41 51 3.16
41 64 7.61
42 49 10
43 54 3.16
44 76 7.28
45 73 10
45 78 8.06
45 79 6.7
46 60 4.12
46 70 6.4
47 74 8.48
47 76 5.09
49 62 2.23
51 79 3.16
54 60 4.47
54 76 7.21
55 62 7
58 60 7.07
58 69 3.6
59 63 6.32
61 65 1
61 75 2.82
64 72 7.28
65 72 2.82
66 71 6.4
75 77 8.6
