0 13 3.83
0 15 4.38
0 35 3.92
0 45 4.54
1 64 4.75
1 75 3.59
2 7 1.86
3 24 2.27
3 29 4.04
4 25 2.98
5 22 4.07
5 70 1.66
7 15 1.94
7 39 2.88
7 41 4.43
8 43 2.05
8 56 1.29
8 62 1.48
9 31 1.97
10 55 3.06
11 57 3.61
11 71 4.11
12 22 1.29
12 25 3.84
13 48 3.68
14 18 2.31
14 47 4.81
14 50 2.58
14 51 2.86
14 52 1.39
15 59 2.02
16 26 4.57
16 50 2.29
17 38 1.21
17 79 4.72
18 26 2.04
19 65 2.69
21 42 3.28
21 53 3.97
22 57 2.43
23 47 2.56
25 77 1.85
27 38 4.21
27 72 3.77
28 73 4.22
30 59 1.85
31 79 4.5
32 68 4.11
34 72 2.74
35 56 4.32
36 63 3.86
37 58 1.94
38 53 2.35
40 57 4.35
41 64 2.52
42 49 4.45
44 76 3.83
45 78 4.02
45 79 4.6
46 60 2.94
46 70 2.89
47 74 3.86
49 62 4.76
54 60 3.42
54 76 1.24
55 62 1.96
58 60 4.25
58 69 4.2
61 65 2.04
61 75 1.31
65 72 1.7
75 77 3.49
