0 0
1 0
2 0
3 0
4 0
5 0
6 6.01
7 0
8 0
9 0
10 0
11 4.31
12 0
13 0
14 9.35
15 2.76
16 0
17 0
18 8.98
19 0
20 8.19
21 0
22 0
23 5.69
24 0
25 0
26 6.13
27 3.27
28 0
29 4.76
30 4.5
31 8.32
32 5.4
33 0
34 7.19
35 5.55
36 0
37 0
38 6.42
39 0
40 8.51
41 0
42 0
43 6.89
44 0
45 6.57
46 6.85
47 6.03
48 0
49 4.93
50 5.49
51 6.27
52 9.22
53 0
54 0
55 2.54
56 0
57 5.54
58 0
59 3.66
60 8.61
61 1.78
62 0
63 9.86
64 0
65 0
66 5.37
67 7.92
68 1.18
69 9.24
70 2.96
71 0
72 4.15
73 0
74 0
75 6.66
76 4.27
77 1.14
78 0
79 0
