0 0
1 14.925
2 11.25
3 24
4 36.425
5 32.675
6 35.725
7 10
8 14.025
9 30.7625
10 25.675
11 11.8875
12 24.3
13 3.95
14 16.8375
15 7.5
16 26.4625
17 26.9
18 18.3125
19 17.15
20 9.1
21 29.55
22 24.4625
23 21.375
24 30.3625
25 28.525
26 29.0625
27 13.05
28 17.275
29 21.5
30 25.95
31 22.7625
32 22.0375
33 21.85
34 16.2875
35 9.7625
36 15.125
37 20.0875
38 19.3
39 15.5875
40 19.975
41 15.15
42 32.3375
43 15.7875
44 24.925
45 14.1375
46 29.5125
47 22.1375
48 6.7375
49 25.825
50 18.0875
51 19.1
52 20.5125
53 22.825
54 19.7375
55 31.7875
56 12.2625
57 14.3875
58 15.525
59 15.875
60 24.3625
61 5.15
62 23.0375
63 23.775
64 19.025
65 6.4
66 24.3875
67 25.55
68 25.125
69 11.025
70 27.5875
71 16.3875
72 9.925
73 21.025
74 20.2625
75 8.675
76 28.5
77 19.425
78 24.2125
79 22.5125
