0 14.925
1 0
2 16.325
3 32.375
4 34
5 35.475
6 33.9125
7 17.575
8 26.9125
9 28.55
10 23.25
11 26.8125
12 31.6875
13 18.875
14 10.7375
15 20.075
16 20.3625
17 25
18 13.525
19 21.775
20 24.025
21 39.8
22 34.475
23 19.5625
24 37.0875
25 26.1
26 24.275
27 23.3
28 27.0625
29 29.875
30 28.75
31 25.925
32 15.9375
33 26.925
34 16.0125
35 24.6875
36 30.05
37 25.1625
38 29.55
39 23.1625
40 28.7125
41 18.6375
42 42.5875
43 25.15
44 10
45 27.0125
46 30.3
47 16.0375
48 21.6625
49 38.7125
50 11.9875
51 14.6875
52 5.5875
53 33.075
54 28.1125
55 30.75
56 27.1875
57 29.3125
58 16.3125
59 18.675
60 25.15
61 9.775
62 35.925
63 26.575
64 11.5125
65 11.025
66 37.1375
67 28.7125
68 23.3125
69 20.8125
70 32.6625
71 31.3125
72 14.55
73 30.8125
74 26.6375
75 6.25
76 19.1
77 17
78 37.0875
79 18.6375
