0 11.25
1 16.325
2 0
3 27
4 36.8
5 25.175
6 28.7625
7 1.25
8 17.025
9 28.775
10 34.075
11 20.6875
12 32.45
13 15.2
14 5.5875
15 3.75
16 15.2125
17 19.85
18 8.375
19 18.4875
20 20.35
21 37.7
22 33.2625
23 14.4125
24 31.9375
25 38.0375
26 19.125
27 24.3
28 13.525
29 24.5
30 22.2
31 20.775
32 10.7875
33 10.6
34 20.4125
35 12.7625
36 26.375
37 8.8375
38 27.45
39 6.8375
40 23.5625
41 6.4
42 40.4875
43 18.7875
44 26.325
45 21.8625
46 24.3375
47 10.8875
48 17.9875
49 28.825
50 6.8375
51 9.5375
52 10.7375
53 30.975
54 22.7375
55 30.4375
56 15.2625
57 23.1875
58 11.1625
59 12.125
60 20
61 16.4
62 26.0375
63 20.025
64 15.9125
65 17.65
66 23.6
67 23.5625
68 18.1625
69 7.275
70 16.3375
71 16.1875
72 21.175
73 17.275
74 13.5625
75 19.925
76 17.25
77 30.675
78 31.9375
79 13.4875
