0 24
1 32.375
2 27
3 0
4 34.1
5 31.8375
6 25.4875
7 25.75
8 9.975
9 25.525
10 30.825
11 28.4
12 38.7625
13 27.95
14 22.625
15 26.7125
16 32.25
17 31.175
18 21.475
19 24.925
20 33.1
21 37.0625
22 35.975
23 13.8
24 6.3625
25 42
26 32.225
27 37.05
28 29.4375
29 2.5
30 36.7
31 17.525
32 27.825
33 31.625
34 31.2125
35 14.2375
36 39.125
37 29.8625
38 38.775
39 31.3375
40 20.3125
41 20.6
42 34.275
43 8.2125
44 22.375
45 33.1875
46 15
47 17.325
48 30.7375
49 21.775
50 23.875
51 24.55
52 27.775
53 42.3
54 4.2625
55 27.7375
56 11.7375
57 25.9
58 18.6875
59 26.625
60 9.85
61 29.15
62 18.9875
63 34.525
64 30.1125
65 30.4
66 39.5125
67 14.7375
68 17.55
69 23.1875
70 23
71 32.9
72 33.925
73 33.1875
74 27.925
75 32.675
76 13.275
77 37.075
78 43.2625
79 24.8125
