0 36.425
1 34
2 36.8
3 34.1
4 0
5 25.2875
6 28.675
7 38.05
8 24.125
9 19.1625
10 13.8625
11 28.85
12 13.4875
13 36.7875
14 31.2125
15 39.2375
16 26.425
17 26.0875
18 28.425
19 42.6
20 28.6875
21 28.7375
22 16.275
23 31.475
24 38.325
25 7.9
26 17.675
27 24.7375
28 41.9625
29 31.6
30 32.0125
31 27.1625
32 36.4125
33 38.9375
34 39.85
35 28.3875
36 47.9625
37 40.7
38 18.4875
39 43.6375
40 29.95
41 34.75
42 30.4
43 25.8875
44 44
45 40.825
46 40.575
47 35
48 34
49 17.9
50 32.4625
51 35.1625
52 36.3625
53 22.0125
54 29.8375
55 6.3625
56 25.8875
57 26.35
58 31.2125
59 33.575
60 35.425
61 31.275
62 15.1125
63 41.475
64 42.5875
65 32.525
66 41.35
67 29.95
68 35.225
69 35.7125
70 34.125
71 33.35
72 33.4875
73 45.7125
74 37.225
75 27.75
76 38.85
77 17
78 50.9
79 32.45
