0 29 3.6
0 30 6.4
0 49 4.12
1 30 5.38
1 45 2
1 55 7.21
2 10 6.08
2 16 5.38
2 36 7.81
2 45 4.12
3 42 5.09
3 58 5.38
3 59 4.12
4 34 9.21
4 56 7.28
5 19 3.16
5 24 6.7
5 51 6.32
5 55 5
6 11 6.08
6 27 5.38
6 57 6.32
7 17 6.7
7 34 5.38
8 17 7.61
8 18 6.7
9 10 6.4
9 24 5
9 41 6.08
9 44 5.38
10 45 7.07
11 25 1.41
11 52 7.28
12 30 10.63
12 40 4
12 54 8.94
13 23 7.07
13 26 1
13 30 4.24
13 51 4
13 58 2.82
14 19 2
14 49 1.41
15 39 10.63
15 52 12.04
15 53 10
16 20 2.82
17 32 1
18 37 5.38
19 57 5
20 26 4.47
20 34 5.38
21 31 9.84
21 51 9.48
21 59 7.07
22 44 7.21
22 46 8.06
23 24 10.81
23 33 5.09
24 28 6
24 41 9.48
25 35 2
25 40 5
26 47 6.08
27 43 4.24
28 35 2.23
29 43 7.21
29 59 7.07
30 53 5.09
30 56 5.09
31 58 2.23
32 41 4.24
32 50 4.12
33 46 1.41
34 50 5.83
35 48 3.16
36 45 4.47
36 59 8.06
37 38 4.47
38 47 5.83
39 48 9.21
39 55 10
42 53 6.4
42 58 1
44 52 8.94
45 54 7.07
47 51 5.83
48 50 4.47
53 55 9.84
54 56 2.23
