0 30 3.46
0 49 4.68
1 30 4.15
1 45 2.52
2 10 3.3
2 16 4.83
2 45 2.63
3 42 2.33
3 58 2.83
4 34 2.73
5 19 1.88
5 24 1.41
5 51 1.4
6 11 1.81
6 27 4.96
7 17 4.64
8 17 1.21
9 24 3.99
9 41 2.33
9 44 3.98
11 25 4.49
12 30 1.34
12 54 1.67
13 23 3.07
13 30 1.98
13 58 1.05
14 19 3.19
14 49 4.24
15 52 3.57
17 32 1.7
19 57 1.57
21 59 2.57
22 46 4.98
23 24 2.14
23 33 2.72
24 41 2.72
25 40 1.95
26 47 2.44
28 35 2.01
29 43 1.59
29 59 4.37
30 53 3.13
30 56 1.2
31 58 1.16
32 41 4.91
36 45 2.3
38 47 4.79
39 55 2.03
42 58 4.95
45 54 2.24
47 51 3.79
48 50 2.23
53 55 2.78
54 56 1.32
