0 0
1 14.725
2 22.375
3 18.4875
4 23.4625
5 13.3625
6 23.5625
7 33.5875
8 49.65
9 27.9875
10 26.0625
11 31.1625
12 21.2875
13 13.3
14 6.9125
15 26.8625
16 23.6625
17 40.1375
18 41.75
19 9.4125
20 20.1375
21 22.175
22 40.3375
23 22.1375
24 21.7375
25 32.5375
26 14.55
27 18.8125
28 29.2375
29 4.5
30 8
31 19.6125
32 38.8875
33 28.5
34 26.8625
35 32.025
36 22.8125
37 35.025
38 29.4375
39 32.1125
40 26.2875
41 33.5875
42 18.075
43 13.5125
44 34.7125
45 17.225
46 30.2625
47 22.15
48 35.975
49 5.15
50 34.15
51 18.3
52 40.2625
53 14.3625
54 17.15
55 19.6125
56 14.3625
57 15.6625
58 16.825
59 13.3375
