0 14.725
1 0
2 7.65
3 22.275
4 22.1875
5 15.2625
6 33.3625
7 31.35
8 43
9 19.3375
10 11.3375
11 33.025
12 20.0125
13 12.025
14 21.6375
15 25.5875
16 14.375
17 33.4875
18 40.475
19 19.2125
20 17.9
21 27
22 35.075
23 20.8625
24 23.6375
25 31.2625
26 13.275
27 33.5375
28 31.1375
29 19.225
30 6.725
31 18.3375
32 32.2375
33 27.225
34 24.625
35 33.7625
36 8.0875
37 33.75
38 28.1625
39 21.5125
40 25.0125
41 26.9375
42 16.8
43 28.2375
44 26.0625
45 2.5
46 28.9875
47 20.875
48 33.025
49 19.875
50 31.9125
51 17.025
52 37.2375
53 13.0875
54 11.3375
55 9.0125
56 13.0875
57 25.4625
58 15.55
59 18.1625
