0 22.375
1 7.65
2 0
3 24.9875
4 25.875
5 22.9125
6 41.0125
7 23.7
8 39.2625
9 15.6
10 7.6
11 36.4
12 25.1625
13 17.0875
14 29.2875
15 33.2375
16 6.725
17 29.75
18 43.0375
19 26.8625
20 10.25
21 28.675
22 31.3375
23 25.925
24 21.85
25 34.6375
26 15.8375
27 41.1875
28 29.35
29 26.875
30 14.375
31 23.4
32 28.5
33 32.2875
34 16.975
35 32.1375
36 9.7625
37 36.3125
38 30.725
39 29.1625
40 30.1625
41 23.2
42 21.8625
43 35.8875
44 22.325
45 5.15
46 34.05
47 23.4375
48 29.85
49 27.525
50 24.2625
51 22.0875
52 33.5
53 20.7375
54 13.9875
55 16.6625
56 16.775
57 33.1125
58 20.6125
59 19.8375
