0 18.4875
1 22.275
2 24.9875
3 0
4 31.0125
5 23.15
6 35.025
7 30.5375
8 47.0125
9 37.65
10 29.65
11 41.85
12 28.8375
13 10.25
14 25.4
15 26.8625
16 20.6125
17 37.5
18 38.7
19 27.1
20 17.0875
21 13.9875
22 37.2875
23 19.0875
24 31.525
25 40.0875
26 11.5
27 28.3
28 39.025
29 13.9875
30 15.55
31 9.5125
32 36.25
33 25.45
34 23.8125
35 40.6375
36 15.225
37 31.975
38 26.3875
39 39.1625
40 33.8375
41 41.55
42 6.3625
43 23
44 44.375
45 20.8125
46 27.2125
47 19.1
48 36.6875
49 23.6375
50 31.1
51 15.25
52 41.9125
53 14.3625
54 24.7
55 26.6625
56 21.9125
57 33.35
58 6.725
59 5.15
