0 23.4625
1 22.1875
2 25.875
3 31.0125
4 0
5 33.6625
6 40.2
7 18.2375
8 34.7125
9 36.85
10 29.5625
11 32.6
12 23.0625
13 20.7625
14 30.375
15 34.325
16 21.7625
17 25.2
18 43.0875
19 32.875
20 18.2375
21 37.6125
22 47.8
23 29.6
24 38.625
25 30.8375
26 22.0125
27 42.275
28 31.125
29 27.9625
30 15.4625
31 27.075
32 23.95
33 35.9625
34 11.5125
35 28.3375
36 26.3125
37 42.4875
38 36.9
39 35.9
40 28.0625
41 29.25
42 25.5375
43 36.975
44 43.575
45 20.725
46 37.725
47 29.6125
48 24.3875
49 28.6125
50 18.8
51 25.7625
52 41.7
53 21.825
54 11.8875
55 31.2
56 9.1
57 39.125
58 24.2875
59 36.1625
