0 3 3
0 31 7.07
0 35 5.83
0 39 3.16
0 69 7
1 5 3.16
1 24 1.41
1 50 3.16
1 60 8.24
1 62 7.61
2 5 3.16
2 17 6.4
2 30 2.23
3 8 8.54
3 64 8.06
4 13 8.48
4 38 9
4 51 3.6
6 40 10.81
6 45 4.47
6 55 1
7 18 2.23
7 26 3.16
7 34 5.38
7 58 7.07
8 13 2.23
9 22 4.24
9 69 8.06
9 75 8.94
10 36 2.23
10 40 4.47
11 25 4.12
11 29 7.61
11 58 2.23
12 59 3.6
12 64 7
14 24 1
14 63 6
14 79 6.32
15 44 4.12
15 46 5.65
16 49 4.12
16 54 1
16 62 7.81
18 31 7.28
18 38 3
19 37 9.21
19 70 9.05
20 31 1.41
20 45 3.16
20 72 6.7
21 32 8.94
21 68 2
22 46 5
22 57 3.6
22 74 2
22 75 5.09
23 50 7.81
23 75 7.07
24 33 9.48
24 39 3
25 56 10
26 53 6.32
26 68 5
27 31 2.23
27 44 3.6
28 60 5
28 79 1.41
29 44 8.06
29 48 4
29 49 3.16
29 50 5.65
30 47 5.83
30 73 2.23
31 33 4.12
31 52 3.16
32 50 2.82
32 59 5.38
33 36 6.08
34 52 3.6
34 76 2.23
34 78 1.41
35 47 6.32
35 70 6
37 78 1.41
38 40 1
38 45 5.83
38 52 6.32
39 54 5.38
41 66 4.24
41 70 3.6
41 74 2.23
42 52 6
42 66 2.23
42 67 1
43 48 5.83
43 55 6
43 61 2.23
43 76 2.23
45 64 4.47
46 54 5.83
48 64 3.6
49 77 5.38
50 77 3.6
51 61 6
53 57 4.12
53 59 6
53 62 2.23
55 59 3.6
55 65 5.38
56 67 8.06
58 63 3.16
60 72 8
60 79 5
61 71 7
63 64 5.65
65 71 4.12
66 76 5.38
70 77 1.41
73 74 5.38
