0 0
1 0
2 0
3 0
4 0
5 3.71
6 0
7 8.3
8 8.44
9 4.62
10 0
11 0
12 7.75
13 0
14 1.64
15 6.71
16 0
17 0
18 1.78
19 7.99
20 8.63
21 2.25
22 0
23 9.18
24 6.53
25 0
26 6.88
27 0
28 0
29 0
30 2.71
31 0
32 0
33 9.66
34 0
35 0
36 0
37 0
38 0
39 8.55
40 4.64
41 0
42 0
43 9.68
44 0
45 0
46 6.66
47 6.78
48 0
49 8.43
50 0
51 0
52 0
53 4.37
54 0
55 5.65
56 0
57 3.07
58 9.27
59 0
60 4.24
61 8.18
62 5.1
63 0
64 8.29
65 4.6
66 0
67 9.12
68 0
69 2.53
70 1.69
71 0
72 9.63
73 0
74 4.71
75 7.72
76 3.57
77 6.1
78 0
79 3.12
