0 3 2.21
0 35 4.23
0 39 2.25
1 24 2.35
1 50 4.81
1 60 2.85
1 62 4.56
2 30 1.73
3 8 3.76
3 64 4.93
4 13 3.39
4 51 2.06
6 40 3.82
6 45 4.36
7 18 3.37
7 26 2.23
7 58 2.17
8 13 1.53
9 69 2.7
9 75 3.95
11 25 3.42
11 29 3.33
11 58 3.07
12 64 3.03
14 79 4.85
15 44 1.56
16 54 1.42
18 31 1.5
20 31 2.01
20 45 3.05
20 72 4.56
21 32 2.76
21 68 4.46
22 46 4.28
22 57 4.6
22 75 3.94
23 75 1.8
24 33 3.18
25 56 4.59
27 44 3.53
28 60 4.58
29 44 3.54
29 48 4.65
29 49 1.31
29 50 1.19
30 47 2.26
30 73 2.66
31 33 2.91
32 50 2.86
34 76 1.39
34 78 1.03
35 47 1.81
37 78 2.2
38 45 4.32
38 52 4.65
41 70 3.69
41 74 4.08
42 52 3.47
42 66 2.43
43 48 2.74
43 55 4.07
49 77 1.21
50 77 1.34
53 57 1.85
53 62 3.48
55 59 2.03
55 65 4.73
58 63 1.23
60 79 3.15
61 71 2.22
66 76 4.19
70 77 4.81
