0 0
1 9.4625
2 17.3625
3 3.75
4 27.8125
5 13.4125
6 20.1375
7 20.725
8 14.425
9 18.825
10 24.375
11 23.1875
12 22.575
13 17.2125
14 8.95
15 21.275
16 11.925
17 25.3625
18 17.9375
19 26.1
20 10.6
21 28.1125
22 24.125
23 23.175
24 7.7
25 28.3375
26 24.675
27 11.625
28 18.6125
29 20.475
30 20.15
31 8.8375
32 16.9375
33 13.9875
34 17.2875
35 7.2875
36 21.5875
37 20.8125
38 20.6875
39 3.95
40 21.9375
41 19.2875
42 20.2875
43 22.8625
44 16.125
45 14.55
46 17.9625
47 15.1875
48 18.325
49 17.075
50 13.4125
51 32.3125
52 12.7875
53 21.7625
54 10.675
55 21.3875
56 31.6125
57 26.9125
58 20.4
59 23.6625
60 19.7625
61 25.65
62 18.975
63 16.45
64 13.825
65 28.1125
66 23.075
67 21.5375
68 30.6125
69 8.75
70 14.7875
71 33.2625
72 18.975
73 22.9375
74 22.075
75 30
76 20.075
77 16.55
78 19.05
79 16.85
