0 9.4625
1 0
2 7.9
3 13.2125
4 37.275
5 3.95
6 19.95
7 23.3
8 23.8875
9 25.3
10 24
11 17.25
12 18.7
13 26.675
14 3.0125
15 26.2375
16 13.4875
17 15.9
18 26.0875
19 21.525
20 20.0625
21 18.65
22 20
23 13.7125
24 1.7625
25 22.4
26 20.2
27 21.0875
28 12.675
29 11.0125
30 10.6875
31 18.3
32 7.475
33 13.6125
34 26.75
35 16.75
36 21.2125
37 30.275
38 29.8375
39 5.5125
40 29.5875
41 14.7125
42 22.8
43 23.3
44 21.0875
45 23.1625
46 19.525
47 17.975
48 16.0125
49 14.9625
50 3.95
51 33.5875
52 22.25
53 12.3
54 12.2375
55 18.7
56 34.125
57 17.45
58 14.4625
59 14.2
60 10.3
61 26.0875
62 9.5125
63 10.5125
64 17.575
65 25.425
66 20.0125
67 24.05
68 21.15
69 18.2125
70 10.2125
71 30.575
72 20.3
73 13.475
74 17.5
75 22.55
76 26.0875
77 8.45
78 28.5125
79 10.9125
