0 17.3625
1 7.9
2 0
3 21.1125
4 44.6875
5 3.95
6 27.85
7 31.2
8 31.7875
9 20.1
10 31.9
11 25.15
12 26.6
13 34.575
14 10.9125
15 28.1125
16 21.3875
17 8
18 33.9875
19 29.425
20 27.9625
21 26.55
22 14.8
23 21.6125
24 9.6625
25 30.3
26 28.1
27 28.9875
28 20.575
29 18.9125
30 2.7875
31 26.2
32 15.375
33 21.5125
34 29.9
35 17.975
36 29.1125
37 33.425
38 37.7375
39 13.4125
40 37.4875
41 15.0875
42 23.175
43 29.9
44 28.9875
45 31.0625
46 21.05
47 10.075
48 23.9125
49 22.8625
50 11.85
51 40.1875
52 30.15
53 20.2
54 20.1375
55 26.6
56 34.5
57 19.3
58 22.3625
59 22.1
60 18.2
61 32.6875
62 17.4125
63 18.4125
64 25.475
65 33.325
66 20.3875
67 24.425
68 29.05
69 26.1125
70 18.1125
71 38.475
72 28.2
73 5.575
74 12.3
75 21.1625
76 27.1125
77 16.35
78 31.6625
79 18.8125
