0 3.75
1 13.2125
2 21.1125
3 0
4 24.0625
5 17.1625
6 21.25
7 24.475
8 10.675
9 22.575
10 28.125
11 23.875
12 18.825
13 13.4625
14 12.7
15 25.025
16 15.675
17 29.1125
18 21.6875
19 29.85
20 14.35
21 31.8625
22 27.875
23 26.925
24 11.45
25 29.025
26 28.425
27 15.375
28 22.3625
29 19.575
30 23.9
31 12.5875
32 20.6875
33 17.7375
34 21.0375
35 11.0375
36 25.3375
37 24.5625
38 22.95
39 7.7
40 24.2
41 23.0375
42 24.0375
43 21.8625
44 19.875
45 15.6625
46 21.7125
47 18.9375
48 14.575
49 20.825
50 17.1625
51 28.5625
52 16.5375
53 25.5125
54 14.425
55 22.5
56 35.3625
57 30.6625
58 21.0875
59 23.325
60 23.5125
61 24.65
62 22.725
63 17.1375
64 10.075
65 29.225
66 26.825
67 25.2875
68 34.3625
69 12.5
70 18.5375
71 33.4
72 22.725
73 26.6875
74 25.825
75 33.75
76 23.825
77 20.3
78 22.8
79 20.6
