0 27.8125
1 37.275
2 44.6875
3 24.0625
4 0
5 41.225
6 23.5375
7 17.7875
8 13.3875
9 40.1875
10 18.0875
11 29.4125
12 31.2875
13 10.6
14 36.7625
15 35.5375
16 36.175
17 52.6875
18 15
19 35.4
20 22.4875
21 30.4875
22 34.8875
23 43.9
24 35.5125
25 34.5625
26 21.7375
27 25.8875
28 46.425
29 27.075
30 41.9
31 23.1
32 33.5125
33 28.25
34 20.3625
35 35.1
36 20.875
37 23.8875
38 11.25
39 31.7625
40 12.5
41 29.6
42 26.65
43 14.7875
44 30.3875
45 18.5375
46 41.1375
47 43
48 22.075
49 31.025
50 34.1375
51 4.5
52 19.15
53 29.6375
54 37.425
55 22.2875
56 37.975
57 34.7875
58 26.625
59 26.7875
60 40.8625
61 12
62 32.425
63 30.575
64 24.125
65 25.9
66 24.3
67 27.9
68 27.9875
69 36.5625
70 34.1
71 20.75
72 30.8625
73 39.1125
74 32.3875
75 41.25
76 17.575
77 35.8625
78 22.125
79 44.6625
