0 40 5.38516
0 66 5
0 74 4.12311
1 13 7.81025
1 19 9.43398
1 27 2
1 52 5
1 53 7.61577
1 73 7.28011
2 51 4.12311
2 73 6.32456
3 17 3
3 56 11.3137
3 67 5.83095
3 70 6.7082
4 28 1
4 57 4.24264
4 64 2
5 14 3.60555
5 34 10.8167
5 48 6.40312
6 35 4.12311
6 50 6
6 65 1.41421
7 38 3.16228
7 44 3.60555
8 21 9.43398
8 78 3.16228
9 40 6.40312
9 49 1.41421
10 36 6.08276
10 59 4.12311
11 16 6
11 23 7.81025
11 38 2.23607
11 54 5.09902
12 35 7.2111
12 63 9.21954
13 39 6
13 48 6.08276
13 67 3.60555
14 45 9.05539
14 70 6.7082
15 52 3.16228
15 68 5.38516
15 75 5.38516
16 60 2
16 61 6.32456
17 19 2
18 31 5.83095
18 48 3.16228
19 20 7.61577
19 42 4
19 55 6.32456
19 60 7.28011
20 22 5.83095
20 26 1.41421
20 30 5.09902
20 33 4
21 79 11.4018
22 37 4
22 79 4
23 33 7.2111
24 47 5
24 52 1
25 70 3.16228
25 76 6.08276
26 28 8.06226
26 51 1
26 68 6.7082
27 28 5.09902
27 48 2
27 57 2.23607
29 37 7.07107
29 51 6.08276
29 74 5
30 32 4.12311
30 70 1.41421
30 77 3
31 61 1.41421
31 64 4.12311
32 39 8.06226
32 58 7.28011
32 78 6.32456
33 66 5
34 78 3.16228
35 77 6.7082
36 41 4.12311
36 44 2.23607
37 64 3.16228
38 74 4.12311
38 75 6.08276
39 71 6.40312
41 44 3.16228
41 67 1.41421
42 72 4.47214
43 46 7
43 47 6.32456
43 49 5.83095
45 68 10.2956
46 54 6.32456
46 67 4.24264
49 62 5.09902
50 53 8.94427
51 75 5.83095
52 62 3.16228
54 61 5.83095
54 69 2.23607
55 56 6.08276
55 62 5.09902
56 75 3.16228
58 69 5.83095
59 72 4.47214
60 77 7.07107
61 65 5.09902
62 73 2
63 76 1.41421
65 71 5.83095
67 69 1
68 79 10.8167
