0 0
1 0
2 0
3 0
4 0
5 5.3
6 1.29
7 6.65
8 8.91
9 6.29
10 0
11 0
12 0
13 1.95
14 0
15 0
16 8.56
17 0
18 7.49
19 2
20 0
21 6.32
22 0
23 8.64
24 2.25
25 4.54
26 0
27 0
28 8.31
29 3.87
30 7.12
31 1.18
32 2.84
33 4.07
34 0
35 0
36 2.34
37 6.22
38 4.7
39 5.08
40 0
41 5.97
42 0
43 0
44 7.45
45 0
46 2.65
47 1.42
48 7
49 0
50 4.45
51 5.4
52 2.56
53 0
54 0
55 6.87
56 3.4
57 5.33
58 0
59 3.42
60 0
61 0
62 6.5
63 5.85
64 1.92
65 3.97
66 9.57
67 0
68 9.87
69 0
70 2.49
71 9.18
72 0
73 9.09
74 0
75 8.15
76 4.79
77 2.26
78 0
79 4.91
