0 40 1.19
0 66 3.14
0 74 2.49
1 13 3.14
1 19 4.9
1 27 1.85
1 53 1.85
1 73 2.38
2 51 2.16
2 73 3.93
3 17 1.32
3 56 4.31
3 70 4.96
4 57 3.78
5 14 4.3
5 34 2.29
5 48 4.41
6 50 4.55
6 65 2.81
7 38 3.06
7 44 3.51
8 21 4.88
9 40 1.71
9 49 2.61
10 59 2.59
11 16 3.86
11 23 4.1
11 38 3.52
11 54 3.59
12 63 1.99
13 39 3.21
14 45 3.43
14 70 1.65
15 75 4.57
16 60 1.33
16 61 4.87
18 31 3.59
18 48 3.93
19 20 1.39
19 42 2.18
19 60 3.33
20 33 3.27
22 37 1.77
22 79 2.28
23 33 4.88
24 47 4.35
25 70 1.91
25 76 4.84
26 51 3.49
26 68 3.11
27 28 1.99
27 48 4.54
27 57 1.12
29 74 4.38
30 77 3.17
31 64 4.37
32 39 1.58
32 58 3.3
32 78 1.25
34 78 3.96
36 41 3.37
37 64 1.88
39 71 4.26
41 44 3.93
43 46 4.26
43 49 1.32
46 67 1.3
49 62 2.76
50 53 2
51 75 2.23
52 62 3.51
54 61 1.84
54 69 3.44
55 56 1.98
55 62 3.09
56 75 4.34
58 69 3.76
59 72 2.46
61 65 3.14
62 73 4.67
63 76 2.64
65 71 1.45
67 69 4.6
68 79 2.88
