0 0
1 33.0797
2 24.1612
3 30.8104
4 26.6956
5 38.5337
6 34.9069
7 14.2606
8 40.8862
9 14.7354
10 29.1661
11 13.1028
12 45.0229
13 28.0286
14 34.0268
15 24.6427
16 20.6028
17 29.5197
18 35.8218
19 27.0197
20 17.5
21 44.0409
22 24.7887
23 21.5139
24 28.0797
25 29.5944
26 19.2678
27 34.3193
28 27.9456
29 11.4039
30 23.8738
31 28.5331
32 29.0277
33 12.5
34 40.8862
35 36.009
36 21.5626
37 20.2427
38 10.3078
39 35.5286
40 6.73146
41 22.7204
42 32.0197
43 23.7918
44 18.7676
45 40.5226
46 27.3823
47 31.6975
48 35.6321
49 16.5031
50 42.4069
51 19.0073
52 26.8297
53 42.5995
54 19.4766
55 29.2507
56 21.8641
57 31.9989
58 29.5604
59 34.32
60 23.1028
61 26.7653
62 22.8769
63 38.9656
64 24.1956
65 33.1391
66 6.25
67 23.5217
68 27.653
69 22.2717
70 25.6415
71 40.4278
72 37.6099
73 25.3769
74 5.15388
75 17.9112
76 37.1978
77 27.6238
78 36.9334
79 29.7887
