0 33.0797
1 0
2 17.0058
3 18.0425
4 10.1238
5 13.0039
6 26.1508
7 24.4973
8 34.4304
9 18.3444
10 28.7949
11 24.6886
12 40.3186
13 9.76281
14 17.5108
15 10.2028
16 23.3926
17 14.2925
18 8.95285
19 11.7925
20 20.7194
21 40.8288
22 21.5766
23 34.4514
24 7.5
25 29.8489
26 18.9516
27 2.5
28 8.87377
29 25.4155
30 27.0931
31 16.2415
32 27.3406
33 25.7194
34 26.5247
35 31.3047
36 21.1914
37 16.5766
38 24.5378
39 17.2628
40 26.3483
41 16.0375
42 16.7925
43 21.6557
44 19.9904
45 28.8301
46 19.5731
47 13.75
48 5
49 16.5766
50 20.7001
51 20.2016
52 6.25
53 9.51972
54 18.3148
55 16.5766
56 20.8872
57 5.29508
58 22.8084
59 27.9728
60 20.8926
61 18.0093
62 10.2028
63 39.2202
64 12.6238
65 24.3831
66 31.9694
67 14.2698
68 16.9343
69 15.5198
70 25.8961
71 25.2667
72 22.3826
73 9.10014
74 29.6916
75 16.9343
76 37.4524
77 29.7314
78 30.4776
79 26.5766
