0 24.1612
1 17.0058
2 0
3 23.9414
4 17.7317
5 29.2054
6 31.8346
7 23.9989
8 31.5578
9 18.5472
10 38.9043
11 22.8411
12 35.6946
13 26.7686
14 24.6984
15 18.3114
16 29.2915
17 20.1914
18 25.9587
19 17.6914
20 8.17165
21 34.7125
22 15.4603
23 22.1855
24 15.6085
25 20.266
26 6.40388
27 19.5058
28 16.4817
29 12.7573
30 14.5454
31 25.3856
32 19.6993
33 13.1716
34 31.5578
35 26.6807
36 31.3009
37 20.4603
38 20.046
39 29.7771
40 26.5511
41 32.4587
42 22.6914
43 24.0682
44 28.5058
45 27.6587
46 32.8182
47 21.8585
48 22.0058
49 16.7795
50 37.7059
51 5.15388
52 14.3585
53 26.5255
54 29.2149
55 16.7795
56 16.3954
57 22.3009
58 28.7994
59 33.8717
60 26.7915
61 27.1534
62 10.4057
63 29.6373
64 20.2317
65 33.5271
66 19.4216
67 31.2301
68 14.7891
69 32.01
70 16.3132
71 37.781
72 28.2815
73 7.90569
74 19.0073
75 12.4426
76 27.8695
77 18.2954
78 27.605
79 20.4603
