0 30.8104
1 18.0425
2 23.9414
3 0
4 28.0441
5 21.2774
6 26.764
7 17.5162
8 27.1654
9 28.671
10 21.8138
11 17.7075
12 31.3022
13 11.7956
14 16.7705
15 24.8264
16 17.8501
17 3.75
18 23.3519
19 6.25
20 15.7697
21 38.9579
22 23.0584
23 27.4704
24 25.5425
25 12.3381
26 17.5375
27 20.5425
28 26.9163
29 26.3909
30 10.153
31 20.3902
32 15.3069
33 20.7697
34 27.1654
35 22.2883
36 14.2103
37 28.0584
38 20.5026
39 19.2956
40 36.6749
41 9.05646
42 11.25
43 21.342
44 13.0093
45 28.0897
46 12.592
47 29.2477
48 19.3991
49 26.9032
50 34.264
51 18.7875
52 24.2925
53 27.5622
54 11.3338
55 14.1557
56 14.1421
57 23.3376
58 15.8274
59 22.4303
60 15.3501
61 18.6225
62 20.5295
63 21.7093
64 25.5441
65 24.9962
66 27.0197
67 7.28869
68 25.9227
69 8.53869
70 8.38525
71 27.2995
72 16.8402
73 23.0295
74 25.6565
75 18.095
76 19.9416
77 13.903
78 23.2126
79 28.0584
