0 26.6956
1 10.1238
2 17.7317
3 28.0441
4 0
5 18.1277
6 17.5632
7 29.832
8 36.4818
9 28.4682
10 35.2805
11 23.0841
12 31.731
13 17.7272
14 22.6346
15 20.3266
16 17.3273
17 24.4163
18 14.0766
19 21.9163
20 13.0956
21 30.705
22 11.4528
23 27.1095
24 17.6238
25 25.19
26 11.3278
27 7.62377
28 1.25
29 15.2917
30 19.4694
31 7.65388
32 24.6232
33 18.0956
34 31.6485
35 22.7171
36 27.6771
37 6.45285
38 25.8792
39 25.2272
40 33.427
41 22.5232
42 26.9163
43 31.7795
44 26.476
45 32.5826
46 24.616
47 23.8738
48 10.1238
49 26.7004
50 25.0632
51 12.5778
52 16.3738
53 19.6435
54 16.7103
55 26.7004
56 23.8194
57 5.3033
58 26.7941
59 38.0966
60 19.8273
61 9.42165
62 20.3266
63 34.5612
64 2.5
65 15.7954
66 24.3456
67 20.7554
68 19.7131
69 19.5054
70 21.2371
71 23.0841
72 32.5064
73 19.2239
74 21.5417
75 19.8665
76 32.7934
77 23.2194
78 32.5289
79 16.4528
