0 39 9.48683
0 42 7.2111
0 44 9.05539
0 49 3.60555
1 29 3.60555
1 42 9.48683
2 13 4.24264
2 41 1
3 10 1
3 15 2.23607
3 17 7.28011
4 9 8.24621
4 17 1
4 37 1.41421
4 46 7.81025
5 45 1
5 57 5
6 7 2
6 20 7.2111
6 51 3.16228
6 53 4.47214
7 22 5
8 19 8.94427
8 32 8.544
9 10 1
9 16 7
9 27 5.83095
9 30 8
11 18 5.38516
11 36 5
11 44 1.41421
11 46 4.12311
11 54 2.23607
12 15 4.24264
12 17 4.24264
12 20 7.28011
12 22 2
12 35 2.82843
13 19 7.07107
13 45 3.16228
14 21 1.41421
14 58 5
15 20 6.40312
15 39 7.81025
15 52 4.24264
15 55 4.47214
16 28 7.07107
16 32 2
18 28 8.94427
18 43 5.65685
21 24 2.23607
21 44 7.61577
22 46 6.32456
23 41 3.60555
23 43 4.12311
23 57 7.07107
24 53 6.40312
24 57 9.21954
25 39 8.06226
25 47 6.7082
26 51 7.2111
26 56 8.24621
26 57 2
27 43 6.08276
27 58 3.60555
27 59 2.23607
28 59 4.47214
29 52 3.16228
30 56 7.07107
31 38 2.23607
31 48 3.60555
33 50 5.09902
33 59 3.16228
34 49 5.38516
34 58 4.12311
35 37 4.12311
35 49 7.07107
35 51 5.38516
36 53 3.60555
37 38 4.12311
39 59 9.21954
40 48 4
40 54 5.83095
41 50 1.41421
42 47 7.07107
45 49 5
47 54 5
50 52 4.47214
51 55 2.23607
51 59 4.12311
