0 39 1.32
0 42 3.11
0 44 4.66
0 49 2.22
1 29 1.13
1 42 1.42
2 13 2.18
3 15 2.89
3 17 1.28
4 9 1.8
4 17 1.82
4 37 2.88
4 46 4.65
5 45 2.59
6 7 1.51
6 20 1.3
6 51 1.89
6 53 3.89
8 32 2.98
9 10 4.12
9 16 4.18
9 27 1.9
9 30 4.17
11 36 4
11 44 1.2
11 46 1.7
11 54 1.54
12 15 3.05
12 17 2.35
12 20 2.43
12 35 2.56
14 58 1.58
15 20 2.35
15 52 4.88
15 55 1.06
18 43 3.59
21 24 2.52
21 44 3.53
22 46 4.48
23 57 1.13
24 53 2.65
24 57 3.83
25 39 3.58
25 47 2.14
26 51 1.27
26 56 3.46
26 57 2.8
27 43 1.11
27 59 4.72
29 52 3.74
30 56 2.8
31 48 4.59
33 50 4.13
34 49 1.57
35 37 5
35 49 2.47
39 59 2.18
40 48 1.94
40 54 4.96
42 47 2.55
47 54 3.57
51 59 2.47
