0 0
1 20.8724
2 20.0131
3 24.4164
4 20.2674
5 12.0069
6 24.0301
7 25.6313
8 34.729
9 26.9164
10 25.6664
11 13.087
12 16.8813
13 14.7098
14 22.6067
15 21.6214
16 35.6664
17 21.5174
18 19.8185
19 23.5486
20 25.9814
21 20.8389
22 19.3813
23 25.77
24 23.634
25 21.9364
26 20.7569
27 20.8992
28 28.9731
29 25.3794
30 36.9164
31 26.4486
32 38.1664
33 27.3358
34 11.2384
35 13.3458
36 19.337
37 18.4997
38 23.6535
39 11.8585
40 23.1708
41 21.2631
42 9.01388
43 26.8895
44 11.3192
45 10.7569
46 18.2409
47 17.8527
48 28.1708
49 4.50694
50 23.0309
51 20.0772
52 26.9247
53 23.8439
54 15.8821
55 22.8723
56 31.0647
57 18.2569
58 16.3923
59 23.383
