0 20.8724
1 0
2 17.0677
3 16.5582
4 25.6197
5 27.5739
6 26.1012
7 27.8164
8 40.9882
9 19.0582
10 17.8082
11 29.7425
12 19.0664
13 22.371
14 37.1038
15 13.7631
16 27.8082
17 24.3697
18 32.5496
19 31.2099
20 21.767
21 38.8716
22 21.5664
23 20.3247
24 39.6953
25 29.0826
26 31.1622
27 26.3469
28 29.9667
29 4.50694
30 29.0582
31 35.3364
32 30.3082
33 20.4237
34 32.1108
35 22.6019
36 35.9925
37 27.3875
38 32.5413
39 23.5259
40 34.2361
41 15.8177
42 11.8585
43 25.4785
44 31.5102
45 26.3239
46 29.4721
47 20.6974
48 39.2361
49 25.3794
50 14.05
51 22.1483
52 8.45979
53 31.6914
54 26.9474
55 19.3533
56 37.897
57 29.1635
58 30.8538
59 24.3766
