0 20.0131
1 17.0677
2 0
3 16.7063
4 25.7678
5 10.5061
6 22.4511
7 24.9511
8 25.3225
9 19.2063
10 17.9563
11 24.7133
12 19.2145
13 5.3033
14 26.8964
15 13.9112
16 27.7734
17 24.5178
18 17.9819
19 14.1421
20 21.9151
21 28.6642
22 21.7145
23 5.75694
24 26.1202
25 33.7519
26 17.0958
27 16.1395
28 18.9346
29 12.5608
30 29.2063
31 35.4846
32 30.2734
33 9.39154
34 22.2376
35 22.7501
36 30.9633
37 27.5356
38 32.6895
39 23.674
40 34.7971
41 1.25
42 28.9263
43 10.9108
44 26.4811
45 9.25615
46 29.6202
47 33.7584
48 39.7971
49 15.5061
50 3.01777
51 18.4983
52 8.60794
53 28.0413
54 27.5084
55 19.5014
56 27.4035
57 14.5958
58 20.6464
59 13.3444
