0 24.4164
1 16.5582
2 16.7063
3 0
4 10.3501
5 27.2125
6 15.1332
7 16.8484
8 24.43
9 2.5
10 1.25
11 23.658
12 8.09839
13 22.0096
14 20.5456
15 2.79508
16 11.25
17 9.10014
18 24.4632
19 30.8485
20 10.799
21 22.3134
22 10.5984
23 19.9633
24 25.1085
25 22.6357
26 20.1942
27 9.78869
28 18.1739
29 12.0512
30 12.5
31 20.0669
32 13.75
33 16.5366
34 19.4495
35 11.6339
36 25.2303
37 12.1179
38 17.2718
39 12.5579
40 29.5738
41 15.4563
42 28.4167
43 17.3921
44 25.4257
45 25.9625
46 18.5041
47 31.021
48 24.5738
49 20.4728
50 13.6886
51 11.1803
52 8.09839
53 20.7234
54 26.453
55 8.38525
56 21.3388
57 22.6942
58 14.2956
59 12.5838
