0 20.2674
1 25.6197
2 25.7678
3 10.3501
4 0
5 23.2605
6 17.606
7 15.3033
8 32.2378
9 10.3078
10 11.5578
11 14.9167
12 6.5533
13 25.9633
14 27.9719
15 11.8566
16 19.0578
17 1.25
18 21.6482
19 34.8022
20 15.6534
21 26.2042
22 9.0533
23 29.0248
24 28.9993
25 31.6972
26 22.667
27 17.5965
28 24.3972
29 21.1127
30 20.3078
31 9.71673
32 21.5578
33 22.7598
34 22.4919
35 6.92165
36 21.1667
37 1.76777
38 6.92165
39 21.6194
40 19.2237
41 24.5178
42 29.2813
43 25.1999
44 16.6845
45 22.0105
46 9.76281
47 23.9618
48 14.2237
49 15.7605
50 22.7501
51 13.6531
52 17.1599
53 23.1961
54 17.7118
55 16.4482
56 29.1466
57 25.167
58 22.1034
59 18.807
