0 7 4.12
0 35 6.32
0 36 2.23
1 6 6.4
1 23 5
1 26 2
2 13 2.23
2 16 2.23
2 17 3
3 7 9.21
3 11 8.24
3 28 8.94
4 17 4.47
4 21 5
4 38 1
5 11 1.41
5 24 8.24
5 26 1.41
5 37 7.07
6 32 4.24
6 34 7.07
7 10 9.89
8 12 2
8 18 7
8 27 7.81
8 30 5
9 24 3.16
9 33 1.41
10 25 6.7
10 33 2.23
10 37 10.63
11 29 1
11 31 7.61
12 22 3
12 25 8.24
12 28 7.61
13 14 3.16
13 36 3
14 17 4
14 21 3
15 20 1.41
15 23 2
15 31 1
16 20 1
16 33 7.07
17 19 5.09
18 22 9.48
18 34 7.07
19 28 7.21
19 32 3.6
20 27 2.82
22 35 7.28
23 32 3.16
24 28 9.48
24 29 9.84
26 29 3.6
27 28 8.06
30 31 7.28
31 32 1
38 39 6.08
