0 9 2.23
0 17 4.24
0 42 4.47
1 2 9.89
1 17 5.83
1 31 1.41
1 52 6.7
1 57 2.23
2 52 4.12
2 55 3.6
3 26 7.21
3 49 1
4 9 8.06
4 12 2.23
4 23 7.28
4 26 3.16
4 34 7.28
4 50 8.06
5 15 3.6
5 32 3.16
6 10 2.23
6 59 3.6
7 24 1.41
7 39 5
7 49 5.83
8 19 9.21
8 47 8.24
9 29 7.28
9 36 3.16
9 52 4
9 59 6.7
10 37 9.89
11 38 3.6
11 40 2
11 43 3
12 57 2.82
13 48 8.48
13 51 6.4
14 25 6.08
14 34 2.23
14 38 8.94
14 45 4
15 45 5
16 47 5
16 51 5
16 57 2.23
16 58 6.4
17 32 4.24
17 34 6.4
17 41 5
18 27 7.61
18 39 3
18 59 8.54
19 32 8.6
20 23 7.81
20 28 3.6
20 38 7.61
20 54 5.83
21 22 7.21
21 43 2
21 55 3
22 24 9.21
22 37 7.07
22 48 1.41
23 25 8
24 29 2.23
24 43 2.23
25 40 1.41
26 41 6.4
27 31 5
28 50 3.16
28 53 5.38
28 57 5.65
29 30 6.32
30 59 6.32
33 36 7.07
33 58 4.47
34 56 7.07
35 47 8.48
35 54 4.12
36 46 9.05
39 56 4.12
41 58 8.94
42 44 5
43 47 3
44 45 4.12
46 50 9.05
46 54 3
50 51 2.82
50 53 8.06
