0 42 4.12
1 2 4.13
1 17 2.89
1 31 2.31
1 52 2.99
1 57 1.13
2 52 4.89
2 55 1.01
3 49 2.54
4 9 3.59
4 12 1.31
4 23 2.21
4 34 2.55
4 50 1.06
5 15 2.62
5 32 4.89
6 10 2.44
6 59 3.99
7 39 3.52
8 19 4.44
9 29 1.54
9 36 3.06
11 38 4.16
12 57 1.87
13 48 3.23
14 25 4.68
14 34 1.7
14 38 4.13
15 45 4
16 47 3.74
16 51 4.36
16 57 2.85
18 39 1.16
18 59 4.74
19 32 1.06
20 23 4.58
22 24 1.74
22 37 2.1
22 48 4.24
23 25 4.66
24 43 3.47
25 40 4.9
26 41 4.01
27 31 3.93
28 57 1.21
29 30 4.7
34 56 4.28
35 47 3.99
35 54 1.2
41 58 3.5
42 44 2.22
46 50 4.89
46 54 1
50 51 2.59
