0 0
1 12.5875
2 12.9375
3 24.975
4 12.8625
5 14.55
6 15.6625
7 16.4375
8 31.5125
9 2.7875
10 18.45
11 21.2125
12 15.65
13 32.4125
14 16.0875
15 19.05
16 18.1625
17 5.3
18 21.8375
19 21.35
20 26.9375
21 19.9625
22 26.1875
23 21.9625
24 14.675
25 23.6875
26 16.8125
27 20.6
28 22.4375
29 11.8875
30 19.0625
31 14.35
32 10.6
33 15.575
34 13.3
35 26.95
36 6.7375
37 30.8125
38 25.7125
39 22.6875
40 23.7125
41 11.55
42 5.5875
43 17.4625
44 11.8375
45 16.9875
46 18.05
47 21.2125
48 27.95
49 23.725
50 22.9375
51 24.4125
52 7.7875
53 29.1625
54 21.8
55 17.4375
56 22.1375
57 15.375
58 21.1625
59 11.1625
