0 12.5875
1 0
2 12.3625
3 22.0625
4 9.1
5 16.5375
6 26.25
7 20.125
8 22.125
9 13.375
10 29.0375
11 19.325
12 6.3125
13 19.825
14 18.075
15 21.0375
16 5.575
17 7.2875
18 17.525
19 23.3375
20 14.35
21 18.075
22 27.0875
23 18.2
24 18.3625
25 23.5875
26 13.05
27 8.0125
28 9.85
29 21.15
30 29.05
31 1.7625
32 12.5875
33 19.1625
34 15.2875
35 22.425
36 17.325
37 35.925
38 23.825
39 21.275
40 21.825
41 13.5375
42 18.175
43 15.575
44 24.425
45 23.075
46 25.1125
47 11.825
48 28.85
49 23.3125
50 13.8
51 11.825
52 8.375
53 16.575
54 21.6375
55 16.8625
56 24.125
57 2.7875
58 13.575
59 21.75
