0 12.9375
1 12.3625
2 0
3 23.8375
4 20.225
5 27.4875
6 23.025
7 15.3
8 24.8
9 10.15
10 25.8125
11 14.5
12 18.675
13 29.625
14 26.3625
15 31.9875
16 17.9375
17 18.2375
18 25.3
19 34.2875
20 26.7125
21 8.25
22 17.2625
23 28.7625
24 13.5375
25 18.7625
26 24.175
27 20.375
28 22.2125
29 16.325
30 24.225
31 14.125
32 23.5375
33 22.9375
34 26.2375
35 25.1
36 14.1
37 26.1
38 19
39 21.55
40 17
41 24.4875
42 18.525
43 10.75
44 24.775
45 29.925
46 25.4125
47 14.5
48 19.025
49 22.5875
50 26.1625
51 24.1875
52 5.15
53 28.9375
54 29.1625
55 4.5
56 26.7
57 15.15
58 25.9375
59 18.525
