0 24.975
1 22.0625
2 23.8375
3 0
4 12.9625
5 32.5125
6 33.3875
7 8.5375
8 27.1375
9 22.1875
10 36.175
11 16.8375
12 15.75
13 34.175
14 24.85
15 36.1
16 22.0625
17 23.2625
18 18.5375
19 38.65
20 30.8375
21 15.5875
22 21.8125
23 22.0625
24 10.3
25 21.1
26 9.0125
27 28.05
28 26.3375
29 13.0875
30 20.9875
31 23.825
32 28.5625
33 33.775
34 22.0625
35 27.4375
36 26.1375
37 30.65
38 21.3375
39 14.7875
40 19.3375
41 17.0125
42 30.5625
43 13.0875
44 35
45 29.85
46 34.35
47 16.8375
48 23.575
49 1.25
50 23.0375
51 26.5625
52 27.1875
53 33.0625
54 32.5875
55 19.3375
56 19.9375
57 19.275
58 28.1875
59 28.8875
