0 12.8625
1 9.1
2 20.225
3 12.9625
4 0
5 25.6375
6 22.95
7 21.5
8 25.65
9 10.075
10 25.7375
11 22.85
12 2.7875
13 21.6
14 11.8875
15 23.1375
16 9.1
17 16.3875
18 26.625
19 32.4375
20 17.875
21 21.6
22 30.6125
23 9.1
24 21.8875
25 19.1
26 3.95
27 17.1125
28 13.375
29 19.175
30 26.35
31 10.8625
32 21.6875
33 22.6875
34 9.1
35 25.95
36 14.025
37 38.1
38 23.0625
39 23.0875
40 20.8625
41 11.95
42 18.45
43 19.1
44 22.0375
45 16.8875
46 21.3875
47 15.35
48 32.2
49 14.2125
50 10.075
51 13.6
52 15.075
53 20.1
54 25.1375
55 24.725
56 17.9375
57 6.3125
58 17.1
59 18.45
