0 2 7.28
0 6 9.21
0 55 1.41
1 26 2.23
1 27 7.07
2 5 6.7
3 13 7.21
3 44 3.6
3 48 2
3 49 7.07
3 50 4.24
4 20 2.23
4 25 3.6
4 51 3.16
5 30 2.23
5 56 8
6 16 2.23
6 24 4.12
7 10 2.23
7 56 3.6
7 57 3.16
8 13 2.23
8 14 1.41
8 22 1.41
8 33 2
9 27 5.65
9 53 3.6
9 56 6.4
10 30 5.38
10 33 8.06
10 51 5
11 36 2.23
11 57 4.47
12 29 7.61
12 47 5.38
13 39 2.23
14 26 8.06
14 45 9.84
14 46 8.54
15 29 2.23
15 52 5.09
15 58 5.09
16 18 8.06
16 46 1.41
17 39 7.07
17 44 5.09
18 46 7.81
18 54 3.16
19 37 4
19 55 5.83
20 21 8.94
20 30 6.4
21 37 6
21 38 5
22 27 5.09
23 40 3.6
23 41 2
23 57 9.05
24 31 7.07
24 47 6.7
25 34 3.16
26 48 8
28 35 2
28 52 3.16
29 43 8.06
29 56 7.61
30 33 6.32
31 32 8.6
31 34 4.24
32 33 7.81
32 43 7.28
33 51 3.16
34 49 2
35 39 2
35 43 4
35 50 6.4
36 54 3.6
36 59 2.23
38 53 9.21
38 58 4.47
39 50 7.81
40 45 6
41 47 4
42 50 7.28
42 59 2.82
43 54 7.21
44 52 5.83
46 48 6
46 51 4.12
48 50 3.16
