0 6 2.15
0 55 4.7
1 26 3.26
2 5 2.13
3 13 1.56
3 44 1.43
3 48 4.05
3 49 2.42
3 50 1.48
4 25 4.4
4 51 4.77
5 30 4.95
7 10 1.46
7 56 1.68
7 57 4.37
8 14 2.31
8 22 2.15
8 33 3.12
9 56 1.77
10 30 1.16
10 33 2.57
11 36 3.19
11 57 1.15
12 29 3.41
12 47 1.32
13 39 4.8
14 26 1.21
14 46 4.28
15 29 2.51
17 44 1.04
18 46 4.75
18 54 2.29
19 37 1.7
19 55 4.76
22 27 3.54
23 41 1.17
26 48 4.92
28 35 3.85
28 52 1.02
30 33 1.9
31 34 3.06
32 33 2.57
33 51 4.03
34 49 2.01
35 43 4.99
35 50 3.46
38 58 4.92
39 50 1.4
40 45 1.06
41 47 2.74
42 50 4.68
42 59 1.91
46 51 2.54
48 50 1.95
