0 0
1 36.35
2 9.1
3 26.0625
4 25.1625
5 17.475
6 11.5125
7 29.775
8 27.6625
9 35.475
10 26.9875
11 35.6125
12 31.7625
13 30.45
14 26.7375
15 39.75
16 14.3
17 36.925
18 24.375
19 9.05
20 27.95
21 21.55
22 29.425
23 32.5375
24 16.6625
25 29.6625
26 33.5625
27 35.7875
28 38.0125
29 36.9875
30 20.2625
31 25.5
32 34.925
33 25.1625
34 30.8
35 35.5125
36 32.825
37 14.05
38 27.8
39 33.2375
40 37.0375
41 30.0375
42 36.6125
43 37.3375
44 30.5625
45 39.0375
46 16.0625
47 25.0375
48 23.5625
49 33.3
50 27.5125
51 21.2125
52 37.85
53 39.3125
54 28.325
55 1.7625
56 27.475
57 33.725
58 33.3875
59 35.6125
