0 36.35
1 0
2 36.1875
3 15.2875
4 25.025
5 27.8125
6 24.8375
7 28.4
8 14.625
9 15.9
10 27.2
11 34.9375
12 42.925
13 17.4125
14 12.8625
15 33.4375
16 22.05
17 26.15
18 30.05
19 45.4
20 27.8125
21 38.1625
22 15.2
23 37.1625
24 29.9875
25 29.525
26 2.7875
27 8.8375
28 25.2
29 33.4125
30 25.025
31 31.925
32 26.8875
33 17.125
34 26.625
35 22.7
36 32.15
37 45.6625
38 31.9125
39 20.2
40 32.6625
41 39.6625
42 25.8375
43 27.7
44 19.7875
45 25.1625
46 20.2875
47 38.3625
48 12.7875
49 24.125
50 16.7375
51 21.075
52 27.075
53 20.4
54 34
55 38.1125
56 23.9
57 32.35
58 37.5
59 29.3625
