0 9.1
1 36.1875
2 0
3 33.3625
4 21.95
5 8.375
6 20.6125
7 20.675
8 21.5625
9 26.375
10 17.8875
11 30.2125
12 37.4
13 24.35
14 23.325
15 30.675
16 23.4
17 35.975
18 33.475
19 18.15
20 19.1625
21 30.3375
22 23.325
23 35.9375
24 25.7625
25 26.45
26 33.4
27 29.6875
28 32.1375
29 27.8875
30 11.1625
31 34.6
32 28.825
33 19.0625
34 30.4
35 29.6375
36 33
37 23.15
38 36.5875
39 27.1375
40 40.4375
41 38.4375
42 39.3125
43 34.6375
44 37.8625
45 35.625
46 25.1625
47 34.1375
48 32.6625
49 32.9
50 36.6125
51 23.0125
52 36.0875
53 30.875
54 37.425
55 10.8625
56 18.375
57 24.625
58 37.0375
59 35.7875
