0 26.0625
1 15.2875
2 33.3625
3 0
4 19.1
5 24.9875
6 14.55
7 24.1875
8 11.8
9 26.9875
10 21.4
11 23.5
12 30.45
13 9.0125
14 13.5625
15 18.15
16 11.7625
17 10.8625
18 19.7625
19 35.1125
20 21.8875
21 33.0625
22 13.5625
23 35.575
24 19.7
25 15.2875
26 12.5
27 19.925
28 15.7375
29 20.9375
30 22.2
31 16.6375
32 24.0625
33 14.3
34 11.3375
35 13.3
36 20.7125
37 40.1125
38 30.1
39 11.8
40 33.3625
41 33.075
42 14.4
43 18.3
44 4.5
45 25.8625
46 10
47 28.075
48 2.5
49 8.8375
50 5.3
51 15.15
52 11.7875
53 31.4875
54 23.7125
55 27.825
56 28.6875
57 28.1375
58 24.5125
59 17.925
