0 25.1625
1 25.025
2 21.95
3 19.1
4 0
5 13.575
6 13.65
7 12.9875
8 10.4
9 25.4875
10 10.2
11 22.525
12 33.9
13 13.1875
14 12.1625
15 29.7875
16 10.8625
17 24.8125
18 18.8625
19 26.4625
20 2.7875
21 13.9625
22 12.1625
23 28.25
24 18.8
25 4.5
26 22.2375
27 18.525
28 20.975
29 27
30 10.7875
31 13.75
32 17.6625
33 7.9
34 8.45
35 18.475
36 25.3125
37 21.4625
38 20.2125
39 15.975
40 31.9625
41 30.75
42 29.65
43 23.475
44 23.6
45 24.4625
46 9.1
47 27.175
48 16.6
49 10.95
50 20.55
51 3.95
52 24.925
53 29.9875
54 22.8125
55 26.925
56 17.4875
57 16.9375
58 25.8
59 28.1
