0 7 4.12
0 10 5.83
0 24 1
0 44 9.84
1 3 8.94
1 27 6.7
2 13 4.47
2 47 1
3 6 3.16
3 52 8.54
3 57 4.12
4 6 4.24
4 45 1.41
5 22 3.16
5 41 4.24
5 43 1
5 45 4
6 25 7.28
6 27 4.12
7 19 9.89
8 11 9.21
8 13 1.41
8 31 6.32
8 53 3.6
9 18 6.08
9 38 1.41
9 54 7.21
10 24 6.4
11 14 7.21
12 34 8.6
12 54 7.07
13 15 4.47
13 35 3
14 31 7.81
14 36 2
15 36 3.6
15 39 7.81
16 30 3.6
16 38 3.16
16 49 2.82
16 55 2
17 21 4
17 58 5
18 19 4.12
18 29 5.09
18 35 5.09
18 47 6
19 39 4.12
20 22 6.7
20 32 9.05
21 22 5.38
21 27 5.09
21 57 3.16
22 34 4.24
23 48 8.06
23 58 7.61
23 59 4
25 45 5.38
25 58 8.06
26 46 7.21
26 53 6
27 40 6.7
28 42 2.82
28 44 7.61
29 41 9.21
30 32 8.24
30 41 3.6
30 49 6.4
31 42 7.21
32 37 6.7
33 50 4.12
33 52 7.07
33 59 2.23
35 55 3.6
35 58 3.6
36 38 4.12
37 51 7
39 50 2.23
40 49 7.61
40 51 8.06
41 55 5.09
43 44 9.21
43 45 4.12
46 47 8.24
47 56 5.09
48 56 7.07
49 56 3.6
52 59 5
55 57 2.23
56 57 5.09
