0 7 1.69
1 3 2.45
2 13 4.35
2 47 3.97
3 57 3.73
4 6 2.31
4 45 1.28
5 22 4.93
5 41 2.44
5 43 3.6
6 25 1.54
6 27 1.99
8 31 4.83
9 18 4.12
9 38 4.53
9 54 3.16
10 24 3.84
12 54 3.9
13 15 1.63
13 35 4.47
15 36 3.52
15 39 1.18
16 49 2.26
16 55 2.73
18 19 2.83
18 29 4.06
18 35 4.71
19 39 3.32
20 32 4.35
21 22 2.27
21 57 3.46
22 34 2.02
23 58 2.64
23 59 1.91
25 45 4.12
26 46 2.98
26 53 2.63
27 40 3.62
28 42 3.5
30 32 3.9
30 41 1.01
33 50 3.04
33 52 3.81
33 59 2.8
35 55 4.28
35 58 3.71
36 38 1.08
37 51 2.14
39 50 3.2
40 49 1.78
40 51 3.94
43 45 3.62
49 56 2.64
55 57 4.6
