0 0
1 49.55
2 31.4125
3 39.975
4 30.725
5 25.0625
6 36.025
7 5.15
8 34.5375
9 30.2625
10 7.2875
11 46.05
12 45.0625
13 32.775
14 39.425
15 32.425
16 35.975
17 39.775
18 22.6625
19 17.5125
20 37.3875
21 35.7375
22 29.0125
23 38.3875
24 1.25
25 35.6875
26 46.5375
27 41.175
28 21.8125
29 29.025
30 34.8625
31 34.35
32 45.1625
33 30.6
34 34.3125
35 29.025
36 36.925
37 53.5375
38 32.025
39 22.6625
40 49.0125
41 30.3625
42 25.3375
43 23.8125
44 12.3
45 28.9625
46 40.4625
47 30.1625
48 45.3625
49 39.5
50 25.45
51 59.0875
52 39.4375
53 39.0375
54 39.275
55 33.525
56 36.525
57 36.3125
58 33.525
59 33.3875
