0 49.55
1 0
2 30.3
3 11.175
4 18.825
5 25.4125
6 13.525
7 47.4875
8 29.125
9 27.325
10 56.8375
11 40.6375
12 37.5125
13 27.3625
14 33.2125
15 32.95
16 21.6125
17 19.7375
18 29.975
19 35.125
20 29.8375
21 14.7375
22 21.4625
23 33.1
24 50.8
25 22.625
26 41.125
27 8.375
28 46.7625
29 36.3375
30 26.1125
31 37.025
32 36.4125
33 30.6875
34 26.7625
35 23.6125
36 30.7125
37 35.575
38 25.5625
39 38.625
40 16.75
41 25.475
42 46.0375
43 25.7375
44 37.25
45 20.5875
46 39.35
47 29.05
48 31.525
49 25.1375
50 35.8375
51 26.825
52 21.85
53 33.625
54 36.3375
55 19.1125
56 22.6875
57 16.325
58 25.9875
59 28.1
