0 31.4125
1 30.3
2 0
3 19.125
4 28.375
5 25.5
6 23.075
7 26.2625
8 7.35
9 16.35
10 38.7
11 18.8625
12 34.2
13 5.5875
14 18.175
15 11.175
16 15.6375
17 20.0875
18 8.75
19 13.9
20 33.025
21 17.925
22 24.65
23 23.35
24 32.6625
25 23.9125
26 19.35
27 24.2875
28 27.7875
29 15.1125
30 20.1125
31 15.25
32 30.4125
33 26.9875
34 29.95
35 9.3375
36 15.675
37 38.7875
38 18.1125
39 19.05
40 21.625
41 20.2
42 24.2625
43 26.75
44 37.3
45 30.1375
46 11.55
47 1.25
48 16.45
49 12.1125
50 21.8375
51 31.7
52 29.8
53 11.85
54 25.3625
55 13.8375
56 7.6125
57 13.975
58 13.8375
59 28.35
