0 39.975
1 11.175
2 19.125
3 0
4 9.25
5 16.0125
6 3.95
7 36.3125
8 17.95
9 16.15
10 47.2625
11 29.4625
12 31.875
13 16.1875
14 22.0375
15 21.775
16 10.4375
17 14.1
18 18.8
19 23.95
20 24.2
21 9.1
22 15.825
23 21.925
24 41.225
25 13.05
26 29.95
27 9.1
28 37.1875
29 25.1625
30 14.9375
31 25.85
32 25.2375
33 19.5125
34 21.125
35 12.4375
36 19.5375
37 33.6125
38 14.3875
39 27.45
40 17.475
41 14.3
42 34.8625
43 16.1625
44 27.675
45 11.0125
46 28.175
47 17.875
48 20.35
49 13.9625
50 24.6625
51 27.55
52 10.675
53 22.45
54 25.1625
55 7.9375
56 11.5125
57 5.15
58 16.9375
59 16.925
