0 30.725
1 18.825
2 28.375
3 9.25
4 0
5 6.7625
6 5.3
7 35.875
8 27.2
9 25.4
10 38.0125
11 38.7125
12 26.7625
13 25.4375
14 31.2875
15 31.025
16 19.6875
17 21.8125
18 28.05
19 33.2
20 19.0875
21 16.8125
22 10.7125
23 28.075
24 31.975
25 8.4875
26 39.2
27 10.45
28 27.9375
29 23.575
30 16.5625
31 35.1
32 26.8625
33 28.7625
34 16.0125
35 21.6875
36 28.7875
37 35.2375
38 23.6375
39 36.7
40 18.825
41 12.0625
42 31.4625
43 6.9125
44 18.425
45 1.7625
46 37.425
47 27.125
48 29.6
49 23.2125
50 33.9125
51 28.9
52 19.925
53 31.7
54 34.4125
55 17.1875
56 20.7625
57 14.4
58 18.5625
59 26.175
