0 15 7.21
0 57 6.32
0 59 2.82
0 71 9.21
1 54 3.16
1 56 5.38
1 77 10.29
2 4 6
2 32 5.38
3 14 6
3 16 3
3 60 6.32
4 30 7.28
4 41 5
4 60 4.12
5 12 6.32
5 23 2.82
5 24 1.41
5 29 2
6 40 4
6 42 6.7
6 71 2
7 11 7.21
7 49 5.65
7 79 2
8 39 6.4
8 77 10.63
9 13 6.7
9 14 9.05
9 49 3.16
9 58 2.23
10 16 1
10 20 5
10 36 6.7
11 27 2.23
11 47 5.09
12 14 11.31
12 35 12.04
13 17 1
13 27 6.32
13 54 1.41
13 56 2.23
14 72 5
15 52 5
15 79 3.16
16 72 3.16
17 48 4.24
18 24 5.83
18 30 7.07
18 47 1.41
19 63 3.6
19 77 6.32
19 78 3
20 22 3.6
20 53 3.16
20 73 6.32
20 76 2
21 30 1
21 48 3
21 55 9.21
21 74 9.89
22 31 3
22 51 3.6
22 70 6.4
23 36 7.81
24 34 3
24 42 6.32
25 27 6
25 69 9.21
26 65 9.21
26 75 6.4
28 67 3.6
28 73 6
29 59 3.16
29 66 4
29 71 6.08
31 40 5.83
31 49 5.38
32 74 9.84
33 44 7.07
33 45 5.83
33 47 6.4
34 38 8.06
34 70 7.07
34 72 3.16
35 49 6.08
35 51 7.61
37 61 7.61
37 68 5
38 42 1.41
38 78 2.82
39 43 1.41
40 73 7.21
41 55 2
42 61 6.08
43 64 5
44 58 7.61
45 52 6.32
45 65 5.09
45 76 9.05
46 68 7.61
46 69 2.82
46 74 4.12
46 78 5.09
47 53 8.06
49 76 8.06
50 53 3
50 67 4
52 64 9.21
54 79 3.6
55 75 5.38
56 62 4
57 76 7.28
60 76 4.12
62 63 5.65
63 67 7.07
64 72 10.81
66 74 3.6
70 77 8.24
77 79 6.7
