0 15 3.17
0 59 3.03
1 56 2.5
1 77 4.23
3 60 4.27
4 41 1.59
5 12 3.68
5 29 4.4
8 77 4.87
9 13 4.99
9 58 3.21
10 16 4.89
10 20 1.68
13 27 3.69
13 54 3.56
13 56 3.6
15 52 1.93
17 48 1.36
18 30 2.77
18 47 3.9
19 77 1.07
19 78 4.25
20 53 1.37
20 73 4.27
21 30 1.71
21 48 3.05
21 74 4.32
22 31 1.83
22 70 2.85
23 36 2.81
24 42 4.04
25 27 4.1
28 67 4.75
29 59 4.65
29 71 1.76
31 49 1.33
32 74 4.69
33 44 1.39
33 45 4.96
33 47 3.19
34 72 3.27
35 49 3.6
37 61 4.63
37 68 3.42
38 78 2.22
39 43 2.22
40 73 2.03
42 61 2.81
43 64 3.29
45 76 1.48
46 69 3.18
46 78 4.78
47 53 3.06
50 53 4.62
54 79 3.89
57 76 3.92
62 63 1.35
63 67 3.39
70 77 2.02
77 79 2.85
