0 0
1 21.4125
2 34.8
3 27.1375
4 27.3
5 9.975
6 14.0125
7 15.4625
8 34.625
9 26.475
10 24.6375
11 24.475
12 17.875
13 19.225
14 25.6875
15 9.0125
16 23.3875
17 20.475
18 19.025
19 28.675
20 19.5
21 29.1125
22 24
23 13.5
24 11.7375
25 34.625
26 41.0375
27 27.125
28 34.9
29 7.475
30 27.8625
31 26.3
32 29.275
33 28.7875
34 15.4875
35 30.125
36 23.2625
37 36.75
38 21.4
39 34.7875
40 19.0125
41 33.55
42 19.6375
43 33.025
44 37.625
45 23.1625
46 22.125
47 20.7875
48 25.775
49 22.525
50 27.2
51 28.5
52 15.2625
53 23.45
54 17.4625
55 36.05
56 22.0125
57 7.9
58 29.2625
59 3.525
60 22.15
61 27.2375
62 27.0125
63 33.175
64 26.775
65 29.525
66 12.475
67 32.2
68 31.6375
69 25.65
70 24.325
71 11.5125
72 19.4375
73 27.4
74 16.975
75 42.775
76 17
77 21.3375
78 24.925
79 12.9625
