0 21.4125
1 0
2 33.8625
3 32.9
4 26.3625
5 31.3875
6 35.425
7 10.95
8 26.15
9 14.0875
10 36.8375
11 16.4
12 39.2875
13 5.7125
14 25.4
15 12.4
16 35.6
17 6.9625
18 24.525
19 20.7625
20 30.5875
21 16.0125
22 28.4875
23 34.9125
24 31.8125
25 21.1125
26 42.25
27 13.6125
28 32.125
29 28.8875
30 17.2625
31 24.7375
32 40.5875
33 30.7625
34 32
35 25.6125
36 44.675
37 46.6375
38 28.0375
39 34.15
40 32.025
41 30.025
42 29.8
43 35.9125
44 26.3875
45 26.55
46 30.875
47 22.7625
48 12.2625
49 18.0125
50 32.625
51 32.9875
52 18.65
53 32.8375
54 3.95
55 27.525
56 6.725
57 29.3125
58 16.875
59 24.9375
60 31.5125
61 37.4
62 11.725
63 18.7875
64 30.1625
65 32.9125
66 32.875
67 27.625
68 40.3875
69 32.625
70 23.1625
71 32.925
72 31.65
73 38.4875
74 28.375
75 34.25
76 28.0875
77 12.8625
78 24.5125
79 8.45
