0 34.8
1 33.8625
2 0
3 20.55
4 7.5
5 31.025
6 38.625
7 34.9375
8 55.475
9 31.825
10 25.55
11 33.5625
12 38.925
13 28.15
14 28.05
15 38.3625
16 24.3
17 26.9
18 25.4375
19 34.2875
20 20.3
21 17.85
22 24.8
23 34.55
24 32.725
25 39.2125
26 30.975
27 36.05
28 35.7
29 28.525
30 16.6
31 28.55
32 6.725
33 35.2
34 32.2
35 35.475
36 33.925
37 39.9375
38 34.0625
39 49.775
40 35.8375
41 13.75
42 35.825
43 48.0125
44 44.0375
45 29.1125
46 24.175
47 27.2
48 21.6
49 27.875
50 28
51 29.3
52 37.0125
53 24.25
54 29.9125
55 16.25
56 30.9375
57 26.9
58 34.6125
59 32.475
60 12.65
61 43.425
62 35.9375
63 38.7875
64 41.7625
65 35.475
66 23.525
67 33
68 33.6875
69 27.7
70 32.8
71 36.125
72 28.25
73 28.2
74 19.025
75 22.975
76 17.8
77 42.1875
78 30.5375
79 34.4125
