0 27.1375
1 32.9
2 20.55
3 0
4 13.05
5 17.1625
6 29.7625
7 29.825
8 37.225
9 18.8125
10 5
11 30.8125
12 21.6375
13 27.1875
14 7.5
15 36.15
16 3.75
17 28.4375
18 22.6875
19 29
20 11.25
21 23.4
22 15.75
23 20.6875
24 15.4
25 41.1
26 36.525
27 33.6
28 26.65
29 19.6625
30 22.15
31 19.5
32 27.275
33 31.65
34 11.65
35 29.7625
36 13.375
37 40.4125
38 21.725
39 29.225
40 26.7875
41 19.3
42 23.3
43 27.4625
44 31.1125
45 24.3625
46 31.6125
47 24.45
48 27.15
49 22.7625
50 18.95
51 20.25
52 32.2625
53 15.2
54 28.95
55 21.8
56 29.975
57 22.15
58 21.6
59 23.6125
60 7.9
61 30.9
62 34.975
63 32.7875
64 21.2125
65 30.725
66 24.6625
67 23.95
68 41.125
69 35.1375
70 20.4875
71 27.2625
72 7.7
73 19.15
74 29.1625
75 28.525
76 13.05
77 30.7875
78 25.25
79 32.325
