0 27.3
1 26.3625
2 7.5
3 13.05
4 0
5 26.9875
6 33.3375
7 27.4375
8 48.575
9 24.325
10 18.05
11 26.0625
12 34.6875
13 20.65
14 20.55
15 30.8625
16 16.8
17 19.4
18 17.9375
19 37.975
20 12.8
21 10.35
22 17.3
23 30.5125
24 25.225
25 36.05
26 23.475
27 28.55
28 28.2
29 29.4875
30 9.1
31 21.05
32 14.225
33 27.7
34 24.7
35 27.975
36 26.425
37 43.625
38 34.775
39 42.275
40 28.3375
41 6.25
42 33.125
43 40.5125
44 36.5375
45 21.6125
46 27.8625
47 19.7
48 14.1
49 20.375
50 20.5
51 21.8
52 29.5125
53 16.75
54 22.4125
55 8.75
56 23.4375
57 19.4
58 27.1125
59 30.825
60 5.15
61 40.725
62 28.4375
63 34.3375
64 34.2625
65 27.975
66 27.2125
67 25.5
68 37.375
69 31.3875
70 25.3
71 35.8375
72 20.75
73 20.7
74 22.7125
75 15.475
76 10.3
77 35.2875
78 34.225
79 26.9125
