0 19 4.12
0 23 8.48
0 32 6.08
0 54 3.6
1 11 5.38
1 44 4
2 38 1
2 41 6.4
3 12 8.06
3 19 7.07
3 23 7
4 35 7.28
4 45 6
4 48 3.6
4 52 7.81
5 10 7.61
5 18 5.09
5 35 1
6 31 7.81
6 42 2.82
7 9 8
7 11 2
7 52 6.08
8 27 5.83
8 33 10
8 59 7.07
9 14 5
9 29 6
9 39 8.54
10 24 8.24
10 51 8.94
11 19 5.65
12 30 6.7
12 37 5
13 29 6.08
13 55 5.09
14 15 7.28
14 29 5
14 48 5.83
14 55 4.47
15 56 4.12
15 57 7.21
16 26 8.6
16 41 5
17 20 6
17 31 6
17 46 9.21
17 58 8.06
18 34 5.65
19 42 3.16
20 40 5.09
20 52 7.07
21 38 8.94
21 51 5.09
22 24 8.06
22 43 2.82
22 54 4.12
23 52 5.65
24 35 4.12
24 46 6.32
25 28 1
25 49 4
25 58 8
26 44 8.24
27 30 4.24
27 46 7.07
27 59 2
28 48 4
28 53 8.94
28 57 9.21
30 59 5.83
31 36 5.38
31 39 8.6
32 37 2.82
32 58 7.21
33 51 11.31
34 47 4.24
34 53 1
35 38 10.63
35 55 3.16
36 45 1.41
36 56 5
38 40 3
38 41 7.07
39 50 2
40 56 7.21
43 47 2.23
44 55 6
47 48 7
49 50 7
