0 23 4.06
1 11 2.91
1 44 2.08
2 41 4.59
3 12 2.36
3 19 4.58
3 23 4.55
4 35 3.87
5 10 2.66
5 18 1.15
5 35 2.4
6 31 4.85
7 11 4.81
8 33 2.62
8 59 3.69
9 14 1.88
9 29 5
10 24 1.24
10 51 1.11
12 30 2.31
12 37 1.32
13 29 1.98
13 55 1.77
14 15 2.93
14 29 2.02
15 56 1.61
16 26 1.7
17 20 4.47
17 31 1.94
17 46 2.58
17 58 1.09
19 42 3.75
21 38 4.65
22 24 1.55
23 52 1.03
24 35 4.43
24 46 1.96
25 49 4.59
26 44 1.43
27 30 3.45
28 53 1.49
28 57 2.05
30 59 4.87
31 36 4.14
31 39 3.2
32 58 2.69
34 53 2.02
36 45 2.91
39 50 4.35
40 56 3.64
43 47 4.87
44 55 3.77
47 48 3.05
49 50 1.99
