0 0
1 18.9375
2 37.8625
3 13.9875
4 27.425
5 26.125
6 12.625
7 14.7125
8 38.3375
9 24.7125
10 30.025
11 12.2125
12 17.375
13 35.1875
14 30.9625
15 40.0625
16 44.9875
17 26.6875
18 28.325
19 5.15
20 26.5
21 47.5625
22 9.65
23 10.6
24 19.725
25 26.6125
26 34.2375
27 31.05
28 27.8625
29 32.2125
30 25.75
31 22.3875
32 7.6
33 50.8375
34 21.2625
35 24.875
36 29.1125
37 11.125
38 36.6125
39 33.1375
40 32.8625
41 45.45
42 9.1
43 13.175
44 23.9375
45 30.875
46 27.625
47 15.9625
48 24.7125
49 31.6125
50 35.6375
51 41.2
52 17.6625
53 22.5125
54 4.5
55 28.825
56 35.3625
57 39.375
58 16.6125
59 33.0375
