0 18.9375
1 0
2 30.9875
3 22.625
4 25.55
5 17.7
6 21.2625
7 9.225
8 45.625
9 19.225
10 27.2125
11 6.725
12 32.7
13 18.8625
14 18.0875
15 27.1875
16 26.05
17 33.1625
18 24.0625
19 13.7875
20 25.6625
21 40.9125
22 28.5875
23 23.8875
24 21.6
25 31.625
26 15.3
27 38.3375
28 30.375
29 24.3375
30 41.075
31 31.025
32 26.5375
33 52.525
34 31.125
35 16.45
36 34.8125
37 30.0625
38 29.7375
39 29.9
40 32.025
41 32.3
42 17.7375
43 32.1125
44 5
45 33.05
46 29.5
47 34.125
48 25.375
49 36.625
50 32.4
51 38.3875
52 16.825
53 32.375
54 23.4375
55 12.5
56 32.3375
57 36.2
58 35.55
59 40.8375
