0 37.8625
1 30.9875
2 0
3 36.0125
4 23.6375
5 15.7875
6 36.125
7 27.8
8 43.7125
9 30.325
10 25.3
11 30.3
12 46.0875
13 24.85
14 24.075
15 19.1625
16 14.25
17 18.8625
18 22.15
19 37.3625
20 11.3625
21 12.425
22 29.7625
23 27.2625
24 19.6875
25 34.3875
26 25
27 36.425
28 33.1375
29 30.325
30 41.725
31 26.3625
32 37.95
33 32.925
34 29.2125
35 14.5375
36 20.2625
37 41.475
38 1.25
39 37.1125
40 5
41 8
42 39.65
43 33.2875
44 25.9875
45 22.025
46 27.5875
47 34.5125
48 28.1375
49 39.3875
50 39.6125
51 18.7875
52 20.2
53 30.4625
54 34.9125
55 18.4875
56 14.0125
57 28.175
58 28.9375
59 38.925
