0 13.9875
1 22.625
2 36.0125
3 0
4 25.575
5 35.925
6 16.3125
7 18.4
8 31.0375
9 28.4
10 44.0125
11 15.9
12 10.075
13 41.4875
14 34.65
15 43.75
16 48.675
17 32.15
18 42.2875
19 8.8375
20 24.65
21 45.9375
22 23.6375
23 8.75
24 33.7125
25 36.325
26 37.925
27 23.75
28 35.075
29 35.9
30 18.45
31 26.075
32 19.85
33 43.5375
34 35.25
35 34.675
36 32.8
37 16.325
38 34.7625
39 36.825
40 31.0125
41 43.6
42 12.7875
43 27.1625
44 27.625
45 33.075
46 32.5875
47 29.95
48 30.075
49 41.325
50 39.325
51 52.3
52 15.8125
53 36.5
54 18.4875
55 35.125
56 39.05
57 46.5875
58 28.8625
59 25.7375
