0 27.425
1 25.55
2 23.6375
3 25.575
4 0
5 10.35
6 25.75
7 17.3625
8 38.275
9 18.0375
10 19.8625
11 19.8625
12 35.65
13 19.4125
14 11.7875
15 20.6625
16 37.475
17 23.4875
18 16.7125
19 26.925
20 18.6
21 33.5625
22 19.5625
23 16.825
24 14.25
25 10.75
26 30.85
27 30.9875
28 9.5
29 18.0375
30 36.2875
31 15.9875
32 29.7625
33 45.175
34 18.55
35 9.1
36 9.2625
37 33.2875
38 22.3875
39 26.7375
40 24.525
41 31.225
42 29.275
43 16.0375
44 20.55
45 7.5
46 22.15
47 13.25
48 4.5
49 15.75
50 24.5
51 31.0375
52 9.7625
53 19.8
54 24.7125
55 13.05
56 15.5125
57 21.0125
58 20.75
59 33.4875
