0 7 3
0 19 5
0 35 1
1 3 4
1 16 10
1 25 5.38
1 52 2.23
2 29 2.82
2 63 5.83
3 31 6.32
3 69 7.61
3 72 7.28
4 10 4.12
4 13 5.38
4 16 8.06
4 38 2.82
5 39 8.06
5 79 8.06
6 7 7.07
6 58 7.81
6 65 8.54
8 54 4
8 74 6.4
9 31 7.07
9 38 8.54
9 58 7.21
10 33 9.21
10 41 3.16
10 55 7.81
11 63 5.09
11 66 2.23
12 44 3.16
12 48 7.81
13 22 8.6
13 63 2.23
14 38 5
14 72 4.12
14 75 5.65
15 21 9.21
15 27 2.82
16 62 4
17 50 6.08
17 71 8.24
18 51 9.84
18 60 12.04
19 40 4.24
19 69 2.23
19 75 6.08
20 24 5
20 27 8
20 59 7.21
20 74 8.6
21 42 7.07
21 62 9.43
22 68 11.31
22 77 1
23 41 3
23 47 3.6
23 48 5
23 52 2
23 73 9.43
24 32 2.23
24 46 3.6
25 51 4.47
25 57 3.6
26 30 2
26 43 3.6
26 61 8.48
26 74 8.06
27 63 2.23
28 35 6.32
28 55 7.07
28 64 2.23
29 43 5.38
29 54 5.09
29 78 9.84
30 70 5
30 77 9.89
31 45 3.16
31 58 1.41
31 79 7.07
32 67 6
33 68 7
34 40 6
34 78 1
35 37 7.61
35 60 9.89
35 72 7.21
36 40 6.4
36 53 7.07
37 79 3
38 72 8.24
39 60 8.54
41 64 4.47
42 61 4
44 49 7.21
44 75 6.4
45 49 5
45 65 4
46 50 6
46 77 9.43
47 62 4.47
47 69 5.09
47 72 5
50 54 3
53 70 7.07
55 73 2.23
56 71 6
56 76 6.4
57 76 2.82
59 61 3.6
59 68 5.83
59 69 5.09
61 67 7.81
62 78 8.94
65 75 4.47
66 67 5.09
67 69 4.47
71 79 6.08
72 73 2.23
