0 35 1.6
1 16 3.04
2 63 2.63
3 72 4.63
4 10 1.8
4 13 4.53
4 16 2.3
4 38 1.58
5 39 3.72
5 79 4.03
9 31 1.31
9 38 2.54
10 41 1.9
11 63 4.01
12 44 3.27
13 22 4
13 63 3.96
14 72 4.93
14 75 1.52
15 27 2.43
16 62 3.28
17 50 4.01
18 51 3.69
18 60 1.04
19 69 2.22
20 59 1.26
21 42 2.29
22 68 2.48
23 41 2.51
24 32 3.85
26 30 1.26
26 43 1.42
26 61 1.94
26 74 4.75
27 63 3.75
29 54 2.03
30 77 4.05
31 58 4.93
31 79 3.94
35 72 4.76
37 79 2.81
38 72 2.05
41 64 1.19
42 61 1.52
44 49 4.2
44 75 1.7
45 49 3.24
46 50 1.14
46 77 2.34
47 69 1.48
47 72 2.23
50 54 2.38
53 70 3.89
56 71 1.73
57 76 3.25
59 61 3.83
59 69 3.82
65 75 1.79
71 79 2.18
72 73 3.8
