0 0
1 23.55
2 36.125
3 18.55
4 24.0875
5 24.5875
6 12.5875
7 3.75
8 43.1625
9 31.2375
10 21.475
11 23.775
12 25.8
13 30.8125
14 15.4125
15 36.45
16 25.9875
17 32.4125
18 28.6625
19 6.25
20 24.4125
21 32.775
22 36.825
23 19.9
24 24.9125
25 30.275
26 30.5
27 32.925
28 9.15
29 32.6
30 33
31 23.35
32 22.125
33 31.4375
34 19.05
35 1.25
36 19.55
37 10.7625
38 20.5625
39 24.2875
40 11.55
41 17.525
42 24.9
43 35
44 21.85
45 24.4375
46 29.4125
47 15.4
48 26.15
49 30.6875
50 36.9125
51 35.8625
52 22.4
53 28.3875
54 38.9625
55 15.8375
56 29.6125
57 34.775
58 22.35
59 15.4
60 13.6125
61 19.9
62 20.9875
63 30.1375
64 11.9375
65 19.4375
66 20.9875
67 14.625
68 22.6875
69 9.0375
70 37.225
71 22.1125
72 10.2625
73 13.05
74 35.1625
75 13.85
76 37.6125
77 38.075
78 20.3
79 14.5125
