0 23.55
1 0
2 34.9375
3 5
4 18.1375
5 31.8125
6 24.425
7 27.3
8 48.6375
9 21.7375
10 12.9875
11 29.25
12 21.3
13 24.8625
14 19.25
15 33.9625
16 12.5
17 39.6375
18 24.6125
19 17.3
20 29.8875
21 27.1625
22 35.6125
23 5.2875
24 30.3875
25 6.725
26 35.975
27 30.4375
28 17.4125
29 38.4625
30 38.475
31 12.9
32 27.6
33 24.5
34 27.8
35 23.1125
36 30.6
37 25.4875
38 21.6625
39 41.8875
40 22.6
41 9.0375
42 30.375
43 40.475
44 25.25
45 16.85
46 34.8875
47 9.7875
48 11.5375
49 23.1
50 42.3875
51 12.3125
52 2.7875
53 39.4375
54 44.825
55 19.675
56 22.75
57 11.225
58 14.6625
59 20.875
60 35.475
61 25.375
62 15.375
63 27.65
64 14.625
65 21.85
66 26.4625
67 20.1
68 28.1625
69 14.5125
70 44.725
71 29.3375
72 14.1
73 16.8875
74 40.6375
75 24.9
76 14.75
77 36.8625
78 26.55
79 21.7375
