0 36.125
1 34.9375
2 0
3 37.9
4 16.8
5 49.2125
6 48.7125
7 39.875
8 14.8875
9 31
10 21.95
11 13.65
12 45.5875
13 10.075
14 26.575
15 13.6
16 26.875
17 21.2375
18 59.55
19 29.875
20 20.075
21 25.1125
22 20.825
23 29.65
24 25.6375
25 41.6625
26 14.75
27 10.075
28 34.275
29 3.525
30 17.25
31 39.8375
32 28.425
33 33.4625
34 17.075
35 37.375
36 32.575
37 42.8875
38 20.325
39 59.2875
40 24.575
41 25.9
42 30.35
43 10.25
44 41.6375
45 43.7875
46 21.1375
47 32.5875
48 35.9
49 50.0375
50 13.6375
51 47.25
52 32.15
53 32.3375
54 9.8875
55 31.7125
56 39.0375
57 46.1625
58 40.0125
59 29.0875
60 49.7375
61 25.35
62 27
63 7.2875
64 31.4875
65 39.225
66 16.4375
67 22.8
68 34.9625
69 28.3875
70 23.5
71 31.5375
72 30.625
73 33.4125
74 22.8875
75 33.6375
76 47.0375
77 22.075
78 15.825
79 39.1375
