0 18.55
1 5
2 37.9
3 0
4 22.925
5 26.8125
6 19.425
7 22.3
8 43.6375
9 16.7375
10 17.9875
11 24.25
12 26.3
13 29.65
14 14.25
15 36.925
16 17.5
17 34.6375
18 29.6125
19 12.3
20 24.8875
21 32.1625
22 37.3
23 10.2875
24 25.3875
25 11.725
26 30.975
27 33.4
28 22.4125
29 38.65
30 33.475
31 7.9
32 22.6
33 29.5
34 25.1
35 18.1125
36 25.6
37 20.4875
38 19.4
39 36.8875
40 17.6
41 14.0375
42 25.375
43 35.475
44 27.1125
45 11.85
46 29.8875
47 14.7875
48 16.5375
49 18.1
50 37.3875
51 17.3125
52 7.7875
53 34.4375
54 41.1375
55 14.675
56 27.75
57 16.225
58 9.6625
59 15.875
60 30.475
61 20.375
62 20.375
63 30.6125
64 19.625
65 16.85
66 21.4625
67 15.1
68 23.1625
69 9.5125
70 39.725
71 24.3375
72 9.1
73 11.8875
74 35.6375
75 19.9
76 19.75
77 38.55
78 26.35
79 16.7375
