0 24.0875
1 18.1375
2 16.8
3 22.925
4 0
5 41.95
6 32.975
7 27.8375
8 31.6875
9 14.2
10 5.15
11 15.875
12 28.7875
13 6.725
14 9.775
15 15.825
16 10.075
17 38.0375
18 42.75
19 24.4375
20 22.3
21 26.8625
22 17.475
23 12.85
24 28.55
25 24.8625
26 31.55
27 12.3
28 17.475
29 20.325
30 31.0875
31 23.0375
32 31.3375
33 16.6625
34 27.5
35 22.8375
36 37.7375
37 32.35
38 3.525
39 45.875
40 29.7375
41 9.1
42 35.7
43 27.05
44 24.8375
45 26.9875
46 30.5125
47 17.35
48 19.1
49 33.2375
50 30.4375
51 30.45
52 15.35
53 46.175
54 26.6875
55 14.9125
56 40.8875
57 29.3625
58 23.2125
59 30.075
60 35.2
61 34.575
62 15.075
63 9.5125
64 14.6875
65 22.425
66 18.6625
67 25.025
68 25.4125
69 23.7125
70 37.3375
71 39.475
72 13.825
73 16.6125
74 33.05
75 16.8375
76 32.8875
77 18.725
78 26.25
79 31.875
