0 7 3
0 11 6
0 16 4
0 20 4
0 35 4.47
1 6 7.61
1 9 1.41
2 30 3.16
2 38 5.38
3 21 7.28
3 37 4.12
4 12 3.16
4 19 8.24
4 20 2.23
5 15 1
5 32 2.23
6 13 5
6 30 9.43
7 29 3.6
8 10 4.12
8 17 1.41
8 18 5.65
9 29 9.43
9 36 3
9 37 2.82
10 32 9.21
10 34 1.41
11 13 5.83
12 14 9.43
12 31 10
13 18 5
14 18 1
14 22 4.24
14 28 5
15 38 5.09
15 39 7.28
16 20 5.65
17 21 5.65
18 26 2.82
19 24 7.28
20 35 2
20 37 4.12
21 36 4.12
22 28 3.6
23 30 9.89
23 33 8.6
23 39 8
24 25 10
24 33 7.61
25 31 7.28
26 31 6
26 34 4.12
27 29 8.06
27 35 2.23
28 32 12.72
28 36 6.4
31 32 7.07
31 39 9.21
33 39 7.61
34 36 4.47
