0 11 5.65
0 14 2
0 17 7.07
0 60 5.65
0 77 8.54
1 2 5
1 68 7.07
2 74 6.32
3 21 4.12
3 71 5
4 15 1
4 16 5.38
4 65 6.32
4 71 6.4
5 27 6.7
5 42 4.47
6 17 6.08
6 46 7.61
6 51 6.32
7 37 5.09
7 47 3.6
8 22 6
8 66 5.09
8 75 3
9 17 3.6
9 32 4.24
9 37 2.23
9 71 3.6
9 73 5.09
10 22 7.28
10 53 4.24
10 76 7.07
10 79 10
11 51 5
11 52 7.28
11 73 1
12 31 1
12 61 8.54
12 75 7
13 32 8
13 61 6
14 62 7.07
15 41 7.21
15 56 2.23
15 57 2.23
16 19 6.08
16 34 2
16 50 6.32
17 40 3
18 66 2
18 79 5.38
19 24 6.32
19 43 3.16
19 50 3
20 26 8.06
20 43 8.06
20 48 2.82
21 56 7
21 65 2.23
22 55 5.09
23 26 6.4
23 46 2.23
24 26 8.94
24 48 2.23
24 60 8.06
25 61 5.09
25 78 2.23
26 35 5
27 67 9.21
27 77 1
28 30 5
28 37 6.7
28 40 9.05
29 38 12.04
29 52 2.23
29 61 3
30 45 4.12
30 67 5.38
30 69 2.23
31 57 10
31 75 7.07
32 35 8.06
32 76 6.32
33 53 4.12
33 56 8.54
33 58 5.09
34 39 2.82
34 53 3.6
35 45 9.84
36 37 4.47
36 42 3.6
36 50 3.16
38 44 9.48
38 51 3.16
39 52 3
39 72 6.08
40 69 7.07
41 63 3
43 71 5.38
44 54 9.21
45 70 6.7
46 67 7.07
47 54 4.12
47 57 4.47
49 64 1.41
49 79 2.23
50 74 1
53 63 4
55 56 2.23
56 61 7.21
56 64 3.6
58 73 8.54
59 72 3.6
59 76 2.23
61 72 7.61
62 70 1.41
64 77 6.08
65 71 6.08
68 78 5.83
69 72 6
