0 14 4.21
0 17 1.09
0 60 3.22
1 2 1.42
3 21 3.67
4 65 2.58
4 71 2.32
5 27 2.62
6 17 4.49
7 47 1.68
9 37 3.48
9 71 1.94
9 73 4.84
10 53 2.1
10 76 3.13
11 51 4.62
11 52 2.82
11 73 4.11
12 61 2.2
13 32 2.7
13 61 4.8
14 62 4.17
15 57 1.66
16 50 1.33
17 40 2.72
18 66 3.43
18 79 2.59
19 43 3.68
19 50 4.75
20 26 1.41
20 43 4.24
21 56 2.88
22 55 3.49
23 46 2.64
24 26 3.71
24 48 3.23
24 60 1.52
25 78 2.45
26 35 3.44
27 67 4.7
28 30 1.46
28 37 3.85
29 38 3.41
29 52 2.8
29 61 3.43
30 45 4.1
31 75 4.66
32 35 1.21
32 76 1.71
33 58 2.3
34 39 1.03
36 42 3.15
38 44 1.84
38 51 3.69
39 52 2.46
39 72 4.57
41 63 2.09
44 54 3.46
47 54 3.64
49 64 1.18
49 79 4.69
53 63 4.88
55 56 4.47
56 64 1.07
58 73 1.62
59 76 2.1
61 72 3.63
62 70 1.36
64 77 4.56
65 71 2.75
68 78 4.88
69 72 4.58
