0 0
1 0
2 0
3 0
4 0
5 0
6 0
7 0
8 0
9 8.79
10 2.3
11 3.39
12 4.58
13 4.96
14 8.25
15 3.03
16 0
17 9.68
18 5.59
19 0
20 4.68
21 7.23
22 6.81
23 4.07
24 0
25 0
26 0
27 0
28 0
29 3.28
30 0
31 5.21
32 1.99
33 9.85
34 6.42
35 0
36 1.39
37 8.74
38 2.94
39 6.48
40 0
41 0
42 0
43 2.14
44 0
45 0
46 0
47 0
48 0
49 3.17
50 0
51 0
52 7.22
53 0
54 0
55 1.6
56 6.54
57 1.55
58 0
59 0
60 4.34
61 0
62 3.66
63 0
64 0
65 1.16
66 2.96
67 8.28
68 8.08
69 9.82
70 0
71 0
72 3.57
73 0
74 5.43
75 3.34
76 0
77 1.2
78 0
79 4.52
