0 0
1 41.0625
2 34.8125
3 24.0875
4 25.8375
5 20.3
6 16.4375
7 22.4875
8 38.4125
9 13.3375
10 33.2375
11 7.0625
12 33.375
13 28.6375
14 2.5
15 25.5625
16 25.9375
17 8.8375
18 29.55
19 25.0375
20 23.45
21 28.225
22 31.925
23 28.7375
24 17.1375
25 29.0625
26 28.3125
27 11.925
28 23.9
29 18.95
30 24.2125
31 34.625
32 18.6375
33 25.35
34 23.4375
35 28.7125
36 21.7125
37 16.125
38 17.2625
39 19.9125
40 12.5875
41 34.575
42 25.8875
43 24.5625
44 29.1125
45 21.475
46 25.95
47 26.9875
48 19.925
49 20.0375
50 25.6625
51 13.3125
52 16.1625
53 27.9375
54 32.1375
55 25.5625
56 22.775
57 28.35
58 18.9875
59 29.325
60 7.0625
61 22.7
62 11.3375
63 32.9375
64 18.275
65 25.4375
66 32.05
67 23.4375
68 39.1375
69 21.425
70 13.1
71 17.8375
72 27.5125
73 8.3125
74 26.9125
75 42.125
76 26.5375
77 10.675
78 31.85
79 22.825
