0 41.0625
1 0
2 6.25
3 36.075
4 30.025
5 29.4375
6 39.825
7 31.3
8 48.45
9 27.725
10 35.6
11 35.3375
12 35.95
13 32.775
14 43.5625
15 31.275
16 23.3
17 32.225
18 49.8375
19 19.15
20 33.175
21 40.2125
22 43.2125
23 46.225
24 27.05
25 18.9125
26 38.225
27 37.8125
28 33.3125
29 29.025
30 39.5625
31 37.2
32 33.025
33 35.45
34 25.8
35 43.1
36 19.35
37 24.9375
38 44.075
39 29.325
40 35.975
41 39.05
42 23.85
43 23.1
44 52.4625
45 44.7125
46 49.0125
47 35.8
48 29.8375
49 40.325
50 15.4
51 41.5875
52 31.8125
53 30.3
54 40.95
55 36.85
56 34.0625
57 34.0625
58 41.8125
59 39.2875
60 37.125
61 25.275
62 52.4
63 35.3
64 38.5625
65 37.425
66 52.3375
67 46.2875
68 8.8375
69 42.2875
70 53.0875
71 29.825
72 34.7875
73 34.0875
74 14.15
75 44.7
76 40.925
77 39.0625
78 16.125
79 43.1125
