0 34.8125
1 6.25
2 0
3 29.825
4 23.775
5 23.1875
6 33.575
7 25.05
8 44.4625
9 21.475
10 29.35
11 29.0875
12 41.5625
13 36.775
14 37.3125
15 25.025
16 17.05
17 25.975
18 43.5875
19 12.9
20 26.925
21 33.9625
22 36.9625
23 39.975
24 20.8
25 25.1625
26 31.975
27 31.5625
28 27.0625
29 29.6125
30 33.3125
31 40.3125
32 26.775
33 29.2
34 19.55
35 36.85
36 13.1
37 18.6875
38 39.2875
39 23.075
40 29.725
41 32.8
42 17.6
43 16.85
44 46.2125
45 38.4625
46 42.7625
47 29.55
48 23.5875
49 34.075
50 9.15
51 35.3375
52 26.825
53 24.05
54 34.7
55 30.6
56 27.8125
57 27.8125
58 35.5625
59 35.175
60 30.875
61 31.525
62 46.15
63 29.05
64 32.3125
65 31.175
66 46.0875
67 40.0375
68 15.0875
69 36.1
70 46.8375
71 23.575
72 30.675
73 27.8375
74 7.9
75 48.2125
76 34.675
77 32.8125
78 22.375
79 36.8625
