0 24.0875
1 36.075
2 29.825
3 0
4 14.25
5 29.2125
6 22.85
7 19.9
8 30.55
9 10.75
10 32.15
11 18.3625
12 32.0375
13 26.05
14 26.5875
15 15.5
16 20.975
17 15.25
18 29.675
19 16.925
20 23.05
21 5.15
22 23.05
23 35.15
24 24.825
25 29.275
26 32.375
27 27.25
28 21.9125
29 26.6625
30 28.1625
31 30.7875
32 16.05
33 24.575
34 23.475
35 26.125
36 19.125
37 13.5375
38 28.5625
39 27
40 19
41 24.5125
42 23.625
43 12.975
44 40.4125
45 33.3125
46 32.3625
47 23.875
48 26.575
49 20.1625
50 20.675
51 24.6125
52 27.4625
53 27.975
54 29.025
55 16.6875
56 13.9
57 18.2875
58 27.7875
59 26.7375
60 31.15
61 22.9125
62 35.425
63 28.2625
64 18.4
65 7.9375
66 32.175
67 34.8875
68 39.35
69 27.8375
70 37.1875
71 6.25
72 31.2375
73 17.1125
74 21.925
75 34.3
76 23.95
77 26
78 32.0625
79 22.95
