0 25.8375
1 30.025
2 23.775
3 14.25
4 0
5 25.7625
6 24.6
7 14.125
8 20.6875
9 12.5
10 19.025
11 20.1125
12 17.7875
13 20.55
14 28.3375
15 1.25
16 6.725
17 17
18 19.8125
19 14.325
20 24.8
21 10.6875
22 13.1875
23 36.9
24 22.225
25 19.4125
26 33.4
27 17.3875
28 23.6625
29 16.8
30 29.9125
31 16.5375
32 17.8
33 14.7125
34 9.225
35 27.875
36 18.575
37 15.2875
38 30.3125
39 12.75
40 20.75
41 10.2625
42 23.075
43 14.725
44 26.2875
45 35.0625
46 34.1125
47 9.625
48 25.0125
49 10.3
50 14.625
51 26.3625
52 16.5
53 13.725
54 14.775
55 6.825
56 4.0375
57 4.0375
58 21.075
59 24.85
60 32.3
61 13.05
62 37.175
63 14.0125
64 8.5375
65 7.9
66 22.3125
67 28.9
68 29.4875
69 27.85
70 38.9375
71 8
72 20.35
73 18.8625
74 15.875
75 24.4375
76 25.7
77 16.1375
78 22.2
79 13.0875
