0 15 4.12
0 18 2.23
0 44 3.6
1 31 3.6
1 51 5.83
2 3 7.07
2 10 7.07
2 22 4
3 43 9.89
3 46 2
3 47 6.08
4 7 2.23
4 32 5.38
5 45 4.12
5 56 4.12
6 28 3.16
6 30 2.23
6 32 4.24
7 50 2.82
8 11 5.09
8 12 5
8 14 4.47
8 31 4.12
9 27 8.6
9 29 5.09
9 42 7.07
9 55 6.08
10 25 9.05
10 34 1
11 54 4.12
11 55 7.07
12 27 4.47
12 43 5.09
13 21 4.12
13 33 5
13 38 1.41
14 24 4
14 28 3.16
15 43 5
15 58 7.28
16 30 3.16
16 45 7.21
17 49 2.23
17 55 4.47
18 50 1.41
18 53 2.23
19 24 3.6
19 49 2.82
19 56 1.41
20 22 5
20 38 4.47
20 57 7
21 41 7
22 41 5
22 57 4.24
23 28 7.07
23 46 6.7
23 52 7.81
24 40 2
24 53 6.08
25 37 2.23
25 46 7.07
25 50 3.6
26 44 4.47
26 57 7.81
27 28 5.38
27 51 1
28 53 5
29 34 6.08
31 46 4.47
31 54 5.83
33 35 4.12
33 36 3.16
33 49 7.07
35 51 7.07
35 52 5
36 47 9.21
36 50 5
37 53 7.28
37 58 6.4
39 58 2
39 59 9.89
40 43 7.81
40 48 5.09
41 59 8.06
42 51 6.08
42 52 5.09
45 46 1.41
48 49 6.4
55 58 1
