0 0
1 27.0875
2 29.2
3 20.3875
4 10.8625
5 24.5875
6 15.775
7 8.075
8 21.3625
9 23.1
10 20.3625
11 24.3375
12 17.7625
13 21
14 15.775
15 5.15
16 22.5125
17 21.0875
18 2.7875
19 17.675
20 28.35
21 26.15
22 25.15
23 20.6625
24 13.175
25 9.05
26 10.0875
27 18.55
28 11.825
29 29.2125
30 18.5625
31 23.475
32 17.5875
33 14.75
34 21.6125
35 19.9
36 10.8
37 11.8375
38 22.7625
39 16.75
40 15.675
41 31.4
42 27.4
43 11.4
44 4.5
45 19.65
46 17.8875
47 22.3125
48 22.0375
49 21.2
50 4.55
51 19.8
52 26.15
53 5.575
54 29.4875
55 15.5
56 19.4375
57 19.85
58 14.25
59 29.1125
