0 27.0875
1 0
2 21.425
3 12.5875
4 29.7375
5 17
6 19.2125
7 26.95
8 9.65
9 19.2875
10 30.2375
11 16.0125
12 14.125
13 27.525
14 15.2375
15 26.7375
16 20.8625
17 30.225
18 24.3
19 23.9125
20 32.675
21 32.675
22 26.425
23 18.4625
24 20.2375
25 18.925
26 37.175
27 8.5375
28 15.2625
29 25.65
30 22
31 4.5
32 24.5125
33 21.275
34 31.4875
35 16.125
36 25.225
37 21.7125
38 29.2875
39 28.6
40 22.7375
41 32.675
42 14.8875
43 20.4875
44 31.5875
45 11.85
46 10.0875
47 20.1875
48 29.1
49 27.4375
50 23.425
51 7.2875
52 21.25
53 21.5125
54 11.7875
55 24.85
56 22.15
57 31.725
58 26.1
59 40.9625
