0 29.2
1 21.425
2 0
3 8.8375
4 30.9625
5 18.25
6 28.85
7 28.175
8 22.075
9 24.05
10 8.8375
11 28.4375
12 27.5625
13 18.6
14 27.6625
15 27.45
16 22.1125
17 31.475
18 26.4125
19 25.1625
20 11.25
21 20
22 5
23 19.7125
24 29.6625
25 20.15
26 20.0625
27 29.9625
28 28.55
29 17.6875
30 26.0625
31 16.925
32 34.15
33 24.85
34 10.0875
35 30
36 27.95
37 22.9375
38 16.8375
39 33.4375
40 30.9625
41 11.25
42 32.8875
43 21.2
44 25.65
45 13.1
46 11.3375
47 16.4375
48 36.6875
49 28.6875
50 24.65
51 28.7125
52 29.475
53 29.2
54 24.2125
55 31.65
56 23.4
57 10.3
58 30.9375
59 21.325
