0 20.3875
1 12.5875
2 8.8375
3 0
4 22.15
5 9.4125
6 20.0125
7 19.3625
8 13.2375
9 30.975
10 17.675
11 19.6
12 18.725
13 27.4375
14 18.825
15 18.6125
16 13.275
17 22.6375
18 17.6
19 16.325
20 20.0875
21 28.8375
22 13.8375
23 10.875
24 20.825
25 11.3375
26 28.9
27 21.125
28 19.7125
29 26.525
30 17.225
31 8.0875
32 25.3125
33 23.0625
34 18.925
35 26.8875
36 19.1125
37 14.125
38 25.675
39 24.625
40 22.125
41 20.0875
42 27
43 12.3625
44 24.8875
45 4.2625
46 2.5
47 7.6
48 27.85
49 19.85
50 15.8375
51 19.875
52 20.6375
53 20.3875
54 15.375
55 23.375
56 14.5625
57 19.1375
58 22.125
59 30.1625
