0 10.8625
1 29.7375
2 30.9625
3 22.15
4 0
5 26.5625
6 12.025
7 2.7875
8 25.5125
9 30.45
10 22.125
11 31.6875
12 28.2875
13 22.7625
14 19.925
15 16.0125
16 18.7625
17 28.1375
18 8.075
19 22.9625
20 30.1125
21 27.9125
22 35.9625
23 24.8125
24 18.4625
25 10.8125
26 20.95
27 22.7
28 15.975
29 30.975
30 14.8125
31 25.2375
32 6.725
33 16.5125
34 23.375
35 21.6625
36 12.5625
37 13.6
38 24.525
39 24.1
40 20.9625
41 36.6625
42 31.55
43 22.2625
44 15.3625
45 21.4125
46 19.65
47 24.075
48 27.325
49 25.35
50 6.3125
51 23.95
52 27.9125
53 10.8625
54 32.525
55 22.85
56 24.725
57 30.7125
58 21.6
59 36.4625
