0 20 5.38
0 30 2
0 35 3.6
0 59 2.82
1 6 2.82
1 27 5
1 32 3
2 8 4
2 25 4.47
2 36 8.6
3 12 7.07
3 15 6.7
3 33 8.06
3 55 3
4 9 6.08
5 17 5
5 25 5.09
6 47 3
6 49 7
6 53 5
7 17 2.23
7 37 3.6
7 47 7.07
7 49 2
8 21 8
8 51 6
9 28 8
9 41 12.04
9 50 9.84
10 28 7.61
10 43 1
10 56 8.24
11 17 5.83
11 24 5.38
11 36 1
12 23 6
12 27 5.38
13 15 1
13 39 7.07
13 50 5.38
14 48 3
14 57 4.12
14 58 9
15 48 6.08
15 57 3.6
16 34 5.65
16 50 6.4
17 18 2.82
17 52 6.7
17 57 2.82
18 56 6
18 59 4.24
19 22 7.21
19 38 7.07
19 45 2.23
19 53 4.12
20 40 4.12
21 26 8.94
21 53 5.83
21 55 7.61
22 29 5.65
22 38 3.16
23 44 1
24 58 5
25 49 1.41
26 54 7.61
27 28 3.6
27 34 5.38
28 33 8.06
28 35 3.6
28 52 6.08
29 31 6
30 37 6.32
30 45 5
31 42 6.32
32 40 2.23
33 37 8.06
35 44 5.83
38 42 3.16
38 47 3.6
39 55 8.06
41 42 8.06
42 53 5
43 44 5.09
43 51 1.41
44 59 5.38
45 46 8.6
46 54 1.41
46 57 6.4
48 53 5.38
