0 0
1 18.4125
2 24.75
3 27.8375
4 26.6
5 18.6
6 21.9375
7 14.9
8 25.875
9 19
10 17.8625
11 19.6375
12 19
13 21.625
14 21.025
15 20.375
16 27.2875
17 12.35
18 8.825
19 11.5375
20 6.725
21 23.975
22 20.55
23 11.5
24 26.3625
25 19.1625
26 30.775
27 13.5
28 9
29 27.6125
30 2.5
31 30.8375
32 14.6625
33 19.075
34 20.225
35 4.5
36 20.8875
37 10.4
38 20.375
39 30.4625
40 11.875
41 33.0125
42 22.9375
43 16.6125
44 10.25
45 8.75
46 19.5
47 23.7375
48 23.4125
49 17.4
50 28.35
51 18.375
52 16.6
53 16.6875
54 21.2625
55 31.5875
56 16.325
57 15.875
58 32.275
59 3.525
