0 18.4125
1 0
2 19.625
3 21.8125
4 28.35
5 20.4
6 3.525
7 14.775
8 24.625
9 20.75
10 20.2625
11 24.85
12 12.975
13 25.35
14 20.25
15 24.1
16 20.0375
17 17.5625
18 21.0875
19 14.925
20 11.6875
21 17.0625
22 15.725
23 20.475
24 31.575
25 14.0375
26 28.2375
27 6.25
28 10.75
29 22.7875
30 20.9125
31 23.625
32 3.75
33 20.825
34 12.975
35 15.25
36 26.1
37 19.275
38 11.775
39 34.1875
40 6.5375
41 25.8
42 15.725
43 21.5125
44 21.725
45 17.7125
46 28.4625
47 7.275
48 16.5
49 12.275
50 28.0375
51 23.275
52 18.35
53 9.775
54 30.225
55 25.5625
56 28.5875
57 21.0875
58 31.5
59 21.9375
