0 24.75
1 19.625
2 0
3 28.2625
4 42.625
5 11.95
6 16.1
7 9.85
8 5
9 35.025
10 15.5125
11 12
12 29.375
13 21.9125
14 21.3125
15 20.6625
16 36.6375
17 12.6375
18 16.1625
19 27.4375
20 31.3125
21 15
22 27.1375
23 21.875
24 18.725
25 5.5875
26 26.175
27 25.875
28 25.025
29 34.2
30 22.25
31 35.0375
32 23.375
33 24.425
34 32.6
35 27.9125
36 10.75
37 14.35
38 23.1875
39 30.75
40 26.1625
41 37.2125
42 27.1375
43 14.2625
44 20.625
45 28.5
46 24.1625
47 18.6875
48 25.0625
49 7.35
50 28.6375
51 12.5
52 21.0125
53 22.2875
54 25.925
55 24.5125
56 23.6625
57 16.1625
58 24.975
59 21.4625
