0 27.8375
1 21.8125
2 28.2625
3 0
4 36.25
5 22.65
6 25.3375
7 19.1875
8 23.2625
9 28.65
10 25.2
11 23.6875
12 8.8375
13 9.625
14 18.025
15 8.375
16 24.35
17 16.4
18 19.925
19 25.7
20 33.5
21 13.2625
22 34.7
23 16.3375
24 30.4125
25 23.45
26 24.4375
27 15.5625
28 20.0625
29 41.7625
30 28.05
31 34.7
32 25.5625
33 10.075
34 22.2875
35 24.5625
36 24.9375
37 20.15
38 30.75
39 13.825
40 28.35
41 36.875
42 26.8
43 23.95
44 17.5875
45 28.4875
46 20.875
47 28.025
48 15.975
49 21.6875
50 16.35
51 25.7125
52 24.775
53 20.55
54 22.6375
55 3.75
56 27.425
57 12.875
58 29.275
59 24.3125
