0 26.6
1 28.35
2 42.625
3 36.25
4 0
5 39.825
6 31.875
7 36.3625
8 37.625
9 7.6
10 27.1125
11 40.8625
12 28.825
13 26.625
14 37.525
15 27.875
16 27.9
17 33.575
18 35.425
19 38.1375
20 33.325
21 45.4125
22 40.625
23 30.6375
24 47.5875
25 40.625
26 51.65
27 22.1
28 17.6
29 47.6875
30 29.1
31 40.625
32 32.1
33 27.675
34 28.825
35 22.1
36 42.1125
37 37
38 36.675
39 35.4625
40 34.8875
41 22.65
42 32.725
43 28.3625
44 29.3875
45 35.35
46 40.375
47 35.625
48 35.475
49 38.8625
50 19.9
51 30.125
52 25.2
53 38.125
54 42.1375
55 40
56 37.4125
57 32.375
58 48.775
59 30.125
