0 16 3.6
0 34 4.12
0 44 5.83
1 51 5
1 65 4.12
1 72 3.16
2 29 9.43
2 51 4.12
3 19 6
3 46 4.47
3 73 9.05
4 10 2.23
4 18 4.12
4 67 5.09
5 58 1
5 69 2.23
6 30 1.41
6 40 6.08
6 56 4.12
7 39 7.21
7 45 9.05
7 64 1
8 31 8.06
8 40 6.08
8 62 6.7
8 68 2.23
9 13 6.08
9 25 2.23
9 51 2.23
9 56 7.61
9 73 8.6
10 23 2.82
11 32 3
11 42 4.12
11 59 1.41
11 65 3.6
11 69 3.16
12 49 1
12 72 7
13 22 7.61
14 21 8.54
14 55 9.21
15 16 2.23
15 31 2.23
15 45 8.06
16 23 1.41
16 55 2
17 47 1
17 74 3.16
18 21 3.16
18 31 2
18 39 5.65
18 76 1.41
19 35 8.6
20 52 4.24
20 62 4.12
20 63 6
21 48 4.47
21 75 4
22 37 8.54
22 43 6
24 25 3
24 61 9.84
24 71 9.89
25 37 9.43
25 65 2.82
25 69 7
26 52 5.09
26 56 5
27 66 6.32
27 79 5.83
28 32 5.09
28 58 2.23
29 54 9.48
29 75 4.12
30 43 2.82
30 57 8.06
31 48 7.61
31 57 8.94
32 69 6.08
32 73 7.81
33 53 6.32
33 63 1
34 47 6.4
34 54 7.81
35 64 8.06
36 44 5.09
36 57 1
37 68 8.48
38 59 5
38 68 6.08
38 73 7.28
39 41 2
39 48 1.41
41 67 6.4
42 48 5
43 58 2.23
43 63 5.65
46 79 6.7
47 49 9.43
48 71 6.32
50 52 4.12
50 70 4
52 69 8.06
53 66 2.23
54 55 5
55 74 8.24
57 77 1
59 78 2.23
60 73 9.84
60 77 5.09
61 78 7.07
64 71 7.28
65 70 7.81
66 69 5.38
67 76 3
67 78 9.48
70 71 7.07
71 76 6.32
74 77 6.08
