0 0
1 0
2 0
3 0
4 0
5 0
6 0
7 4.06
8 0
9 6.96
10 8.91
11 3.65
12 8.61
13 2.99
14 0
15 7.77
16 0
17 0
18 7.17
19 0
20 0
21 3.3
22 2.02
23 0
24 7.13
25 0
26 9.57
27 9.04
28 9.89
29 0
30 6.22
31 3.47
32 0
33 9.35
34 3.61
35 0
36 6.6
37 3.35
38 0
39 0
40 8.92
41 4.71
42 0
43 0
44 0
45 9.23
46 9.02
47 1.35
48 1.03
49 5.14
50 0
51 7.2
52 0
53 0
54 0
55 0
56 6.26
57 0
58 0
59 0
60 8.74
61 0
62 6.94
63 0
64 0
65 8.35
66 0
67 6.94
68 6.32
69 0
70 2.72
71 0
72 4.54
73 9.51
74 6.75
75 6.92
76 0
77 0
78 1.15
79 0
