0 16 4.57
0 34 1.18
0 44 3.29
1 65 4.11
2 51 1.77
3 46 1.23
3 73 4.68
4 18 1.71
5 58 4.64
5 69 1.25
6 30 1.27
6 56 4.33
7 45 4.28
7 64 2.97
8 31 4.07
8 62 1.66
8 68 2.61
9 13 3.55
9 25 1.46
9 73 3.41
10 23 4.57
11 42 2.29
11 59 2.02
11 69 3.63
13 22 2.25
15 16 1.79
15 45 2.2
16 23 3.81
16 55 3.35
17 74 2.13
18 21 4.83
18 31 1.5
18 76 2.58
19 35 1.42
20 52 3.36
20 62 2.72
20 63 1.4
21 48 1.07
22 37 3.63
24 25 2.25
24 61 1.04
25 37 1.72
25 65 3.75
25 69 1.11
28 32 2.51
30 43 4.94
31 57 2.12
32 69 1.64
33 53 4.8
34 47 4.31
35 64 4.39
36 44 2.83
38 59 3
38 73 1.68
39 41 3.45
41 67 3.02
43 58 2.92
43 63 3.28
46 79 1.82
48 71 3.37
50 52 1.7
52 69 4.63
53 66 3.75
55 74 1.99
57 77 3.83
59 78 4.1
60 73 4.89
60 77 4.55
65 70 1.74
70 71 3.6
71 76 1.92
74 77 3.52
