0 0
1 38.8875
2 36.8875
3 46.125
4 12.575
5 32.5375
6 26.7375
7 28.65
8 20.15
9 41.1375
10 9.7875
11 30.9875
12 26.1875
13 45.5125
14 18.5125
15 7.2875
16 4.5
17 14.4
18 12.575
19 50.725
20 33.675
21 16.525
22 36
23 6.2625
24 34.6
25 38.35
26 38.1375
27 49.5625
28 34.075
29 25.1
30 24.975
31 10.075
32 34.7375
33 36.8125
34 5.15
35 39.975
36 13.65
37 33.5375
38 30.5375
39 19.6375
40 27.75
41 22.1375
42 25.8375
43 28.5
44 7.2875
45 17.3625
46 51.7125
47 13.15
48 19.5875
49 24.9375
50 36.075
51 42.0375
52 38.975
53 44.45
54 13.25
55 7
56 31.8875
57 14.9
58 31.2875
59 32.725
60 22.5125
61 38.775
62 28.525
63 35.5625
64 29.9
65 35.4875
66 41.6625
67 18.0875
68 22.9375
69 34.9375
70 31.075
71 22.2375
72 34.9375
73 34.8125
74 17.3
75 21.525
76 14.3375
77 16.15
78 29.9375
79 56.85
