0 38.8875
1 0
2 11.4
3 31.1
4 32.4125
5 16.3875
6 23.7
7 31.825
8 28.05
9 9.0375
10 35.2
11 9.65
12 12.7
13 16.6375
14 37.3125
15 33.35
16 36.1375
17 26.9875
18 29.875
19 38.6
20 28.975
21 26.6375
22 26.15
23 37.9
24 12.425
25 8.675
26 24.8
27 28.225
28 19.7625
29 23.1875
30 23.95
31 30.5625
32 13.4
33 28.7375
34 33.7375
35 42.925
36 35.275
37 20.4625
38 17.6625
39 22.8125
40 31.3
41 25.3125
42 14.8
43 20.425
44 41.6375
45 43.1375
46 36.6875
47 25.7375
48 21.05
49 13.95
50 19.9125
51 6.25
52 23.675
53 23.1125
54 35.0375
55 38.6375
56 18.55
57 34.025
58 17.6375
59 11.4125
60 32.0875
61 23.0375
62 34.125
63 27.4875
64 32.85
65 5.15
66 20.325
67 26.05
68 25.2625
69 13.6
70 14.9125
71 23.75
72 3.95
73 19.7875
74 30.9375
75 28.3375
76 29.8
77 35.275
78 14.2
79 35.5125
