0 36.8875
1 11.4
2 0
3 30
4 31.0375
5 22.2625
6 22.6
7 37.1875
8 35.9
9 7.9375
10 33.825
11 18.75
12 24.1
13 15.5375
14 32.6125
15 31.175
16 32.3875
17 38.3875
18 25.8875
19 37.5
20 34.85
21 21.9375
22 25.05
23 34.15
24 14.475
25 10.725
26 23.7
27 34.1
28 26.3
29 11.7875
30 24.3625
31 28.3875
32 22.5
33 34.6125
34 33.4
35 46.0125
36 35.6875
37 22.5125
38 26.7625
39 29.2875
40 30.2
41 31.7875
42 23.9
43 26.3
44 42.05
45 41.25
46 35.5875
47 37.1375
48 27.525
49 25.35
50 29.0125
51 5.15
52 29.55
53 28.9875
54 23.6375
55 29.8875
56 17.45
57 34.4375
58 23.5125
59 20.5125
60 30.9875
61 26.775
62 40
63 33.3625
64 35.9375
65 14.25
66 26.2
67 31.4
68 33.1125
69 19.475
70 24.0125
71 26.8375
72 15.35
73 18.6875
74 40.1875
75 16.9375
76 27.65
77 35.6875
78 23.3
79 41.3875
