0 46.125
1 31.1
2 30
3 0
4 47.5875
5 31.4625
6 36.725
7 29.575
8 30.8
9 22.0625
10 50.375
11 24.825
12 43.8
13 29.6625
14 52.4875
15 43.6625
16 46.45
17 41.525
18 43.375
19 7.5
20 44.05
21 41.8125
22 39.175
23 48.2125
24 28.6
25 24.85
26 37.825
27 21.25
28 27.4375
29 41.7875
30 36.5375
31 40.875
32 21.075
33 39.8375
34 50.775
35 18.25
36 32.475
37 36.6375
38 20.4125
39 37.9875
40 38.4
41 40.4875
42 29.975
43 33.0125
44 38.8375
45 40.8875
46 5.5875
47 42.775
48 36.225
49 45.05
50 43.1375
51 24.85
52 38.75
53 31.9375
54 53.6375
55 47.875
56 31.575
57 31.225
58 30.225
59 26.5875
60 23.6125
61 38.2125
62 39.175
63 40.075
64 28.325
65 28.375
66 29.15
67 41.225
68 28.0125
69 28.675
70 38.1375
71 37.425
72 35.05
73 11.3125
74 37.575
75 46.8125
76 44.975
77 29.975
78 29.375
79 13.9625
