0 12.575
1 32.4125
2 31.0375
3 47.5875
4 0
5 29.5
6 30.6625
7 21.225
8 17.725
9 33.575
10 2.7875
11 22.7625
12 38.7625
13 41.175
14 19.775
15 10.4375
16 8.075
17 24.825
18 5.15
19 43.3
20 31.25
21 9.1
22 39.925
23 6.3125
24 27.175
25 30.7875
26 40.1625
27 41.3375
28 32.875
29 19.25
30 28.9
31 7.65
32 26.5125
33 40
34 17.725
35 32.55
36 20.075
37 31.1125
38 27.25
39 12.2125
40 25.325
41 14.3625
42 20.225
43 32.425
44 19.8625
45 20.5125
46 53.175
47 25.725
48 13.975
49 37.5125
50 28.65
51 36.1875
52 33.8
53 36.225
54 16.825
55 10.575
56 35.8125
57 18.825
58 30.75
59 21
60 26.4375
61 27.05
62 26.1
63 38.75
64 22.475
65 27.2625
66 33.4375
67 6.3625
68 20.5125
69 26.7125
70 23.65
71 14.8125
72 36.3625
73 36.275
74 20.875
75 14.1
76 6.9125
77 20.075
78 18.2125
79 48.625
