0 28 1.41421
0 42 8.06226
0 47 6.32456
0 52 1.41421
0 73 8.06226
1 7 5.38516
1 34 5.83095
1 41 5.38516
2 13 4
2 57 3.60555
3 18 9.21954
3 23 3.60555
3 30 5.83095
3 78 3
4 41 8.544
4 76 4.47214
5 11 5.38516
5 12 5.83095
5 69 5.09902
6 35 7.2111
6 46 9.43398
7 23 6.32456
7 70 4
7 71 8.06226
8 14 7.81025
8 64 3.16228
8 66 8.94427
9 17 3.16228
9 28 6.08276
9 65 7.28011
9 77 5.09902
10 12 6.40312
10 15 3
10 17 4.47214
11 78 5.09902
12 59 5
13 32 4.12311
13 36 4.12311
14 31 5
14 34 7.28011
14 58 6.32456
14 68 7.2111
15 31 8.60233
15 58 7.81025
15 72 5
16 43 4.12311
16 77 6.32456
17 55 3.60555
17 72 3.16228
18 53 8.24621
18 75 9.21954
19 63 5.38516
19 74 5
20 44 8
20 49 8
21 47 3
21 61 6.08276
22 24 3
22 61 7.07107
23 39 9.21954
24 75 7
24 76 7.81025
25 27 1
25 45 4.47214
25 68 7.28011
26 31 6.40312
26 60 1.41421
26 69 2.23607
27 37 2.23607
27 64 6.40312
28 48 4.47214
29 45 5.83095
29 54 6.40312
30 50 5.65685
30 74 7.2111
31 38 5.83095
31 55 2.82843
31 56 7.61577
32 34 3.60555
32 52 2.23607
32 53 4.47214
32 79 6.7082
33 44 6.08276
33 53 6.08276
33 66 6
33 67 3
34 45 5.09902
34 47 4
34 74 7.07107
35 62 3.60555
35 75 5.09902
36 40 4.47214
37 48 2
38 58 6.08276
38 71 6.32456
40 71 5
42 65 9.21954
43 51 2.23607
43 67 1
45 60 5
45 64 6.32456
46 52 6.7082
46 57 3.16228
48 52 4
49 70 7.2111
49 76 6.7082
50 56 5.83095
51 62 6
51 64 6.08276
51 67 2.82843
51 75 8.06226
54 79 6.08276
55 77 6.40312
56 62 3.60555
57 75 4.12311
59 79 7
63 78 3
65 73 8.06226
70 78 1.41421
71 72 5.38516
