0 28 2.66
0 47 2.66
0 52 3.02
0 73 1.89
1 34 2.1
1 41 1.98
3 18 4.82
3 23 1.76
3 30 3.94
4 41 4.71
5 11 2.22
5 69 3.03
6 35 4.82
7 23 2.44
7 70 3.14
8 14 1.2
8 66 3.25
9 17 3.19
9 28 3.57
9 65 3.54
9 77 1.44
10 12 2.76
10 15 4.91
10 17 3.36
11 78 2.6
12 59 3.45
14 31 3.66
14 34 4.9
14 68 1.58
15 31 4.45
15 72 4.33
16 43 1.63
16 77 4.39
17 55 1.2
17 72 1.08
18 53 4.05
19 63 1.14
20 44 3.34
21 47 2.47
22 24 1.96
22 61 4.83
23 39 4.3
24 75 2.61
24 76 2.92
25 27 4
25 68 3.12
26 31 2.52
26 60 1.71
26 69 1.63
27 37 3.96
27 64 2.21
28 48 1.81
29 45 2.8
29 54 3.85
30 50 2.13
30 74 1.15
31 38 1.94
31 55 1.91
31 56 4.48
32 34 2.24
32 52 2.32
32 53 4.89
32 79 1.63
33 53 3.45
34 47 1.67
35 62 4.16
35 75 4.32
36 40 1.28
37 48 1.82
38 58 2.22
42 65 4.61
43 51 3.05
45 60 3.37
45 64 3.81
46 52 2.62
46 57 3.3
48 52 4.5
50 56 2.16
51 62 4.16
51 64 2.79
51 75 2
56 62 1.03
59 79 4.91
65 73 4.01
