0 0
1 0
2 0
3 0
4 0
5 7.63
6 7.27
7 0
8 0
9 2.06
10 0
11 0
12 6.17
13 3.62
14 7.67
15 0
16 9.84
17 0
18 9.93
19 0
20 6.39
21 3.64
22 2.9
23 0
24 3.95
25 0
26 7.73
27 5.91
28 5.6
29 0
30 4.04
31 5.05
32 9.19
33 0
34 0
35 6.08
36 3.97
37 3.23
38 6.28
39 4.24
40 0
41 4.18
42 8.44
43 5.23
44 0
45 3.9
46 4.62
47 0
48 0
49 0
50 1.18
51 1.67
52 0
53 7.91
54 5.89
55 5.25
56 5.64
57 7.44
58 0
59 0
60 1.01
61 7.99
62 4.4
63 0
64 7.03
65 1.25
66 5.51
67 0
68 1.7
69 8.8
70 0
71 4.81
72 7.67
73 0
74 0
75 0
76 3.08
77 0
78 6.98
79 8.36
