0 0
1 16.3585
2 14.7167
3 31.9852
4 33.7699
5 32.6302
6 21.9455
7 23.0899
8 24.0196
9 9.37122
10 18.9142
11 36.2315
12 26.9181
13 9.71673
14 18.1699
15 22.6642
16 23.6507
17 13.3241
18 20.4608
19 24.1586
20 35.3599
21 11.6557
22 28.098
23 30.9956
24 28.0098
25 13.3129
26 23.4613
27 12.0629
28 1.76777
29 22.7323
30 26.9225
31 21.3665
32 4.56285
33 17.7565
34 9.06979
35 25.6335
36 14.8706
37 9.26777
38 28.6552
39 42.5201
40 20.4608
41 23.0899
42 10.0778
43 22.7565
44 25.3599
45 15.4436
46 10.153
47 7.90569
48 6.76777
49 37.1038
50 33.9936
51 25.042
52 1.76777
53 10.153
54 20.5516
55 17.831
56 30.8863
57 14.1059
58 26.0756
59 21.6981
60 21.6936
61 19.2591
62 30.1405
63 30.8901
64 20.0668
65 18.4714
66 25.2565
67 21.5065
68 22.413
69 26.2564
70 28.0899
71 24.0084
72 17.2769
73 10.0778
74 17.9086
75 19.2598
76 37.7726
77 15.745
78 29.8577
79 12.9481
