0 16.3585
1 0
2 21.9495
3 17.2492
4 17.4115
5 26.6045
6 34.7684
7 6.73146
8 25.521
9 25.7297
10 33.0838
11 19.873
12 33.8931
13 16.9495
14 16.3888
15 29.7907
16 35.1431
17 27.4936
18 27.6936
19 22.3775
20 30.7453
21 16.0387
22 32.481
23 14.6372
24 32.7644
25 19.2526
26 21.6802
27 20.5026
28 18.1262
29 20.9512
30 24.5379
31 22.6388
32 11.7956
33 24.9893
34 7.28869
35 37.9841
36 22.1034
37 22.0907
38 24.715
39 26.1616
40 23.0593
41 6.73146
42 26.4363
43 29.9893
44 32.5927
45 13.6625
46 22.976
47 12.2887
48 19.5907
49 20.7453
50 31.609
51 29.1716
52 14.5907
53 17.3858
54 27.7843
55 26.1744
56 32.1585
57 26.4565
58 24.2945
59 28.9309
60 19.9125
61 23.6421
62 36.6655
63 17.2492
64 21.5682
65 34.8298
66 32.4893
67 28.7393
68 25.4027
69 24.4753
70 11.7315
71 16.8093
72 23.5407
73 26.4363
74 16.1275
75 31.6103
76 23.0016
77 32.1035
78 13.4992
79 20.1809
