0 14.7167
1 21.9495
2 0
3 32.7097
4 33.7638
5 38.2212
6 20.2523
7 28.681
8 31.2949
9 24.088
10 33.631
11 41.8225
12 33.5391
13 5
14 23.761
15 34.9755
16 27.6876
17 28.0408
18 21.1853
19 29.7497
20 40.951
21 23.4108
22 22.1608
23 36.5867
24 18.4108
25 24.4941
26 29.0524
27 23.2441
28 16.4845
29 28.3233
30 32.5135
31 30.011
32 10.1539
33 23.3475
34 14.6608
35 16.0346
36 10.1539
37 20.449
38 29.8997
39 48.1111
40 15.7441
41 28.681
42 24.7946
43 22.5337
44 30.951
45 21.0346
46 8.45979
47 19.6608
48 17.949
49 36.5589
50 32.3372
51 19.7386
52 12.949
53 15.7441
54 26.1426
55 32.5477
56 25.0485
57 4.50694
58 31.6667
59 27.2891
60 27.2846
61 30.9997
62 20.5415
63 36.4811
64 27.3421
65 33.1881
66 30.8475
67 23.2742
68 32.7748
69 31.8474
70 33.681
71 21.9941
72 28.7255
73 24.7946
74 23.4997
75 9.66082
76 28.1736
77 30.4617
78 35.4487
79 18.5391
