0 31.9852
1 17.2492
2 32.7097
3 0
4 28.5071
5 16.8552
6 38.4365
7 10.5178
8 42.7702
9 35.2327
10 32.1478
11 10.1238
12 24.1439
13 32.5762
14 33.6381
15 33.577
16 39.5895
17 31.2799
18 11.5244
19 14.2315
20 24.5316
21 33.2879
22 35.5489
23 4.50694
24 31.7989
25 36.5019
26 26.0241
27 37.7519
28 33.753
29 38.2004
30 7.28869
31 31.1682
32 27.4224
33 29.4356
34 24.5379
35 29.4226
36 32.4358
37 37.7174
38 28.5013
39 16.0314
40 26.8456
41 23.9807
42 42.063
43 34.4356
44 34.5316
45 30.9117
46 32.1556
47 29.5379
48 35.2174
49 14.5316
50 14.3598
51 33.1267
52 30.2174
53 21.8322
54 43.4111
55 34.7037
56 21.6484
57 28.2027
58 36.1047
59 30.3939
60 27.7919
61 40.8914
62 26.1554
63 7.5
64 38.8174
65 44.3329
66 36.9356
67 33.1856
68 42.6519
69 23.229
70 5.51777
71 20.5956
72 27.327
73 42.063
74 16.3026
75 23.0489
76 22.9169
77 41.6065
78 3.75
79 35.8076
