0 33.7699
1 17.4115
2 33.7638
3 28.5071
4 0
5 37.8623
6 39.4906
7 24.1429
8 42.9325
9 43.1412
10 50.4952
11 31.1308
12 45.151
13 34.361
14 33.8003
15 47.2022
16 42.1298
17 44.905
18 35.6274
19 35.2385
20 23.9754
21 33.4502
22 19.103
23 32.0486
24 15.353
25 36.6641
26 39.0917
27 37.9141
28 35.5377
29 38.3626
30 35.7958
31 40.0503
32 29.2071
33 41.4663
34 24.7002
35 30.4768
36 39.5149
37 39.5022
38 42.1264
39 43.573
40 40.4707
41 10.68
42 43.8478
43 36.9759
44 33.9754
45 31.0739
46 33.2097
47 29.7002
48 37.0022
49 13.9754
50 42.8668
51 34.1808
52 32.0022
53 34.7973
54 45.1958
55 43.5858
56 39.4906
57 29.2569
58 41.706
59 46.3423
60 37.3239
61 27.9418
62 34.9837
63 28.5071
64 38.9796
65 52.2413
66 48.9663
67 37.7163
68 42.8142
69 41.8868
70 22.9893
71 34.2207
72 40.9522
73 43.8478
74 33.539
75 24.103
76 5.59017
77 49.5149
78 24.7571
79 37.5923
