0 12 4.12
0 18 4.12
0 22 7.21
0 47 5
1 11 4.47
1 14 4.12
1 27 4.12
1 49 6.4
1 54 3.16
2 28 6.32
2 38 3
3 4 2.23
3 31 5.09
4 26 2.82
4 33 3.16
5 23 2.23
5 30 2.23
6 22 4
6 31 5.09
6 39 5.38
6 42 10.29
6 52 9.05
7 29 3.16
7 41 2.82
7 43 4
8 33 2
8 56 2
9 26 6.7
9 32 8.48
9 46 4.47
9 56 4.12
10 25 5.38
10 44 3.6
11 13 6.32
11 16 4
12 19 8.6
12 20 8.24
13 37 8.06
13 40 7.21
14 21 5.38
14 46 3.6
15 48 1
15 50 3.16
15 53 4.24
16 45 1.41
16 46 2.82
16 53 3
17 32 2.82
17 34 3.16
17 58 7.61
18 29 4.47
18 46 3.6
18 57 3
19 22 7.28
19 37 4
20 36 8.06
20 44 5.38
21 40 5.83
21 57 2.82
23 38 5.38
24 30 2.23
24 37 2.23
24 58 5.83
25 35 6.08
26 54 7
26 59 8.06
27 42 3
27 51 4.12
28 36 8.06
29 51 2.23
31 39 1
31 54 3.16
33 37 5.09
33 38 5
34 53 2.23
35 58 5
36 41 8.06
39 40 4.12
41 48 5
43 49 8.24
45 46 1.41
45 59 7.61
47 55 6.4
50 54 8.54
50 55 6.08
52 54 1.41
52 55 4.24
54 59 1.41
55 58 7.21
58 59 10.29
