0 0
1 19.3
2 35.3875
3 26.7375
4 27.1375
5 29.2625
6 14.0125
7 14.6875
8 22.8875
9 15.2375
10 26.675
11 18.175
12 5.15
13 26.075
14 14.15
15 22.225
16 13.175
17 23.6625
18 5.15
19 15.9
20 15.45
21 12.425
22 9.0125
23 32.05
24 23.6875
25 33.4
26 23.6125
27 18.675
28 35.6
29 10.7375
30 26.475
31 20.375
32 25.8375
33 25.3875
34 19.7125
35 29.5125
36 25.525
37 20.9
38 31.6375
39 20.7375
40 19.7125
41 18.2125
42 22.425
43 19.6875
44 22.175
45 11.4125
46 9.65
47 6.25
48 23.475
49 27.3
50 21.85
51 13.525
52 19.55
53 16.925
54 21.3125
55 14.25
56 20.3875
57 8.9
58 23.2625
59 20.925
