0 19.3
1 0
2 30.175
3 14.2625
4 16.225
5 31.4375
6 14.2625
7 17.0375
8 22.675
9 15.2375
10 39.15
11 5.5875
12 24.45
13 13.4875
14 5.15
15 18.575
16 10.5875
17 21.075
18 14.15
19 28.3625
20 34.75
21 11.875
22 19.2625
23 33.15
24 25.8625
25 32.425
26 12.7
27 5.15
28 38.075
29 13.0875
30 28.65
31 7.9
32 24.6
33 20.175
34 17.125
35 24.825
36 30.6375
37 23.5625
38 26.425
39 9.15
40 14.3
41 20.5625
42 8.9
43 18.3
44 41.475
45 11.4125
46 9.65
47 19.0125
48 19.825
49 8
50 14.625
51 10.3
52 5.7125
53 14.3375
54 3.95
55 11.0125
56 20.3875
57 15.4
58 18.575
59 5.7125
