0 35.3875
1 30.175
2 0
3 16.7375
4 13.95
5 13.2625
6 29.4625
7 31.575
8 12.5
9 20.15
10 39.275
11 34.2625
12 32.1125
13 26.4375
14 30.2375
15 35.55
16 29.2625
17 34.275
18 30.2375
19 21.3625
20 28.05
21 36.7875
22 30.4625
23 10.475
24 18.8375
25 39.975
26 17.475
27 35.325
28 7.9
29 35.525
30 16.05
31 23.1
32 30.75
33 10
34 35.8
35 32.375
36 17.975
37 16.3625
38 3.75
39 24.35
40 29.5
41 28.05
42 39.075
43 36.575
44 34.775
45 27.5
46 25.7375
47 41.2875
48 34.3
49 38.175
50 36.9
51 38.3125
52 27.9875
53 33.0125
54 26.225
55 33.2875
56 15
57 33.9875
58 26.125
59 27.55
