0 26.7375
1 14.2625
2 16.7375
3 0
4 2.7875
5 21.4625
6 12.725
7 31.3
8 9.2375
9 14.6875
10 43.75
11 19.85
12 28.85
13 21.775
14 19.4125
15 24.9375
16 23.35
17 28.8125
18 24.775
19 18.1
20 39.15
21 20.05
22 17.725
23 19.7125
24 15.8875
25 37.025
26 6.3125
27 19.4125
28 24.6375
29 27.35
30 18.675
31 6.3625
32 25.2875
33 6.7375
34 29.8875
35 29.425
36 34.7125
37 13.1
38 12.9875
39 7.6125
40 12.7625
41 32.4375
42 23.1625
43 32.5625
44 45.875
45 21.5875
46 20.275
47 25.375
48 26.1875
49 22.2625
50 20.9875
51 24.5625
52 12.075
53 27.1
54 10.3125
55 17.375
56 11.7375
57 23.575
58 23.175
59 12.075
