0 27.1375
1 16.225
2 13.95
3 2.7875
4 0
5 18.675
6 15.5125
7 31.525
8 6.45
9 11.9
10 40.9625
11 21.8125
12 26.0625
13 20.3875
14 21.375
15 26.9
16 21.0125
17 26.025
18 21.9875
19 15.3125
20 36.3625
21 22.8375
22 20.5125
23 16.925
24 13.1
25 34.2375
26 3.525
27 21.375
28 21.85
29 27.575
30 15.8875
31 9.15
32 22.5
33 3.95
34 27.55
35 26.6375
36 31.925
37 10.3125
38 10.2
39 10.4
40 15.55
41 34.4
42 25.125
43 34.525
44 43.0875
45 19.25
46 17.4875
47 27.3375
48 28.15
49 24.225
50 22.95
51 26.525
52 14.0375
53 24.7625
54 12.275
55 19.3375
56 8.95
57 25.7375
58 20.3875
59 13.6
