0 8 5.38516
0 33 3.16228
0 36 4.47214
0 40 7.2111
1 26 3.16228
1 28 4
2 16 4.12311
2 59 4.24264
3 11 7.28011
3 18 4.47214
4 40 6
4 59 7
5 41 5.09902
5 44 2
6 11 2.23607
6 12 2.23607
6 50 3.60555
6 57 1.41421
7 10 2.23607
7 38 5.38516
7 39 7.28011
8 51 6
9 24 8.06226
9 26 5.09902
9 48 9.48683
10 44 2.82843
11 18 3
11 26 4
11 46 4.24264
11 51 5
12 28 8.60233
12 37 8.60233
13 17 8.48528
13 20 9.21954
13 23 8.60233
14 37 4
14 57 9.21954
15 25 2.23607
15 34 7.28011
16 23 4.24264
16 43 4.12311
17 42 7.81025
18 25 5.09902
18 46 3
19 20 5.83095
19 29 6.7082
19 53 4.24264
20 49 8.06226
21 31 6.32456
21 47 7.81025
21 51 5.38516
21 56 7.2111
22 39 7.81025
23 24 1
23 32 5.09902
23 42 7.81025
25 53 8.60233
27 33 4.47214
27 40 1.41421
27 57 2.23607
28 31 8
28 53 2.23607
29 36 5.09902
29 55 2.82843
30 51 3.16228
30 52 4.24264
31 40 6.32456
31 56 6
32 45 5.38516
33 56 7.61577
33 57 5
34 35 4.12311
34 42 7.61577
34 49 6.40312
35 38 5
37 39 9
37 49 3.16228
38 58 4.12311
41 48 6.40312
42 55 5.38516
43 49 1
43 50 5
44 54 9.43398
45 47 8.24621
46 53 7.81025
48 58 11.4018
50 52 1
53 54 9.84886
53 59 10.2956
54 55 4.47214
