0 8 1.19
0 33 4.95
0 40 3.91
1 26 1
2 59 3.7
3 18 2.34
4 40 1.56
5 41 2.05
5 44 2.36
6 11 4.68
6 12 4.48
6 50 1.76
6 57 4.87
7 38 1.57
9 48 4.4
10 44 3.13
11 18 4.59
11 26 1.55
11 46 1.42
11 51 4.61
13 17 2.73
14 37 4.68
14 57 1
15 25 4.28
15 34 3.3
16 23 4.71
16 43 3.75
17 42 3.86
18 25 4.55
18 46 3.42
19 20 3.64
19 29 4.76
19 53 1.6
21 47 2.9
21 51 1.3
21 56 4.33
22 39 4.65
23 24 2.34
23 32 1.82
23 42 2.2
25 53 1.4
28 53 4.32
29 36 2.77
29 55 3.2
30 51 1.64
30 52 3.21
31 40 3.87
32 45 2.11
33 57 1.27
34 42 4.57
34 49 2.3
35 38 3.65
37 39 1.09
37 49 1.46
38 58 2.92
42 55 3.37
43 49 2.12
43 50 4.3
44 54 2.63
48 58 4.27
50 52 2.13
54 55 1.55
