0 0
1 23.7185
2 30.5672
3 23.8658
4 16.5139
5 35.3821
6 11.9706
7 39.2127
8 6.73146
9 26.1395
10 36.4177
11 14.7657
12 14.7657
13 39.1623
14 21.7273
15 27.6846
16 27.8814
17 31.9937
18 18.5157
19 20.3492
20 27.6379
21 20.9629
22 46.5314
23 31.9937
24 33.2437
25 24.8895
26 19.7657
27 9.54302
28 25.5186
29 11.9639
30 18.1843
31 16.9196
32 38.3675
33 3.95285
34 31.7507
35 36.9045
36 5.59017
37 25.5186
38 43.1545
39 36.7686
40 9.01388
41 41.7559
42 22.2309
43 22.7276
44 32.8821
45 41.0335
46 20.069
47 30.7257
48 37.998
49 23.9776
50 16.4776
51 14.2315
52 17.7276
53 25.6525
54 21.0896
55 15.4995
56 13.4726
57 10.2028
58 48.3084
59 25.2639
