0 23.7185
1 0
2 25.9679
3 18.053
4 25.5786
5 34.3986
6 11.7479
7 38.2293
8 22.7028
9 10.3266
10 35.4342
11 8.95285
12 14.543
13 31.9115
14 25.0401
15 21.3431
16 26.9577
17 41.1801
18 12.7028
19 13.0984
20 20.3871
21 21.9343
22 46.3087
23 21.6544
24 20.4044
25 18.548
26 3.95285
27 16.3108
28 5
29 21.4836
30 19.1557
31 15
32 28.0282
33 19.7657
34 30.4432
35 35.5971
36 27.8574
37 25.2959
38 41.5912
39 36.5459
40 18.0786
41 30.1891
42 31.4173
43 22.5049
44 31.8986
45 34.7597
46 14.2561
47 31.6971
48 22.1852
49 23.7549
50 16.2549
51 15.2028
52 17.5049
53 7.79508
54 20.1062
55 25.0192
56 22.5
57 13.5157
58 36.4374
59 20.6646
