0 30.5672
1 25.9679
2 0
3 32.9599
4 14.0533
5 44.6914
6 21.0647
7 35.8607
8 34.5639
9 21.785
10 38.6558
11 23.8598
12 23.8598
13 21.2101
14 20.5106
15 28.6618
16 5.15388
17 29.9828
18 27.6098
19 23.4761
20 21.6356
21 33.7954
22 36.5234
23 10.4572
24 11.7072
25 28.9257
26 28.1588
27 23.3211
28 20.9679
29 30.487
30 23.1111
31 29.459
32 16.831
33 28.9112
34 19.5617
35 24.7156
36 36.1573
37 15.5106
38 30.9656
39 26.7606
40 21.5533
41 41.6475
42 20.22
43 10.3078
44 42.1914
45 23.5624
46 27.9357
47 33.8702
48 33.6435
49 11.5578
50 16.5578
51 27.0639
52 17.8078
53 18.1728
54 30.4839
55 26.9515
56 36.959
57 22.8325
58 36.1194
59 5.3033
