0 23.8658
1 18.053
2 32.9599
3 0
4 25.7258
5 45.7065
6 11.8952
7 41.9945
8 22.8501
9 20.4739
10 44.7896
11 9.10014
12 14.6903
13 42.5546
14 25.1874
15 14.759
16 27.806
17 43.1417
18 5.59017
19 24.4063
20 31.695
21 22.0816
22 46.456
23 31.8017
24 30.5517
25 11.9639
26 14.1001
27 16.4581
28 21.8981
29 32.7915
30 19.303
31 26.1315
32 38.1755
33 19.913
34 23.8592
35 29.013
36 29.456
37 25.4432
38 35.263
39 36.6932
40 18.2258
41 40.3364
42 33.3789
43 22.6522
44 43.2065
45 42.1522
46 9.34017
47 31.8444
48 32.3325
49 23.9022
50 16.4022
51 15.3501
52 17.6522
53 19.103
54 31.4141
55 36.3271
56 29.4327
57 13.663
58 40.4169
59 31.9725
