0 16.5139
1 25.5786
2 14.0533
3 25.7258
4 0
5 48.2231
6 13.8306
7 47.7287
8 23.2453
9 27.9995
10 49.2586
11 16.6257
12 16.6257
13 35.2634
14 23.5873
15 29.5446
16 19.2072
17 44.0361
18 20.3757
19 26.9228
20 34.2115
21 23.3114
22 48.3914
23 24.5105
24 25.7605
25 26.7495
26 21.6257
27 9.26777
28 24.4146
29 28.4778
30 24.8909
31 15.4057
32 30.8843
33 14.8579
34 33.615
35 38.7689
36 22.104
37 27.3786
38 45.0189
39 38.6286
40 7.5
41 47.8619
42 34.2733
43 24.3611
44 45.7231
45 37.6157
46 21.929
47 33.0742
48 39.858
49 25.6111
50 18.3376
51 22.8757
52 19.5876
53 21.6195
54 33.9306
55 32.0134
56 22.9057
57 12.0629
58 50.1727
59 8.75
