0 20 4
0 21 2
0 29 2.82
1 12 2.23
1 24 2
2 18 2.23
2 31 5.09
3 9 9.84
3 31 3
3 39 8.06
4 14 4.12
4 24 8.94
4 25 3.16
4 37 1
5 6 4.47
5 17 4.12
5 20 5
5 39 7.61
6 19 3
7 19 5.83
7 31 3
7 39 5.38
8 32 7.21
8 37 5.38
9 18 6.08
9 37 2
10 11 3
10 26 8
10 39 6.32
11 15 3.16
11 20 4.24
11 21 3.16
12 27 1.41
12 28 7.07
12 32 5.38
12 36 7.07
13 34 7.07
13 35 3.6
14 28 1.41
14 33 8.54
14 39 7.61
15 16 2
16 27 7
17 33 6
18 23 5.09
19 32 7.07
20 38 2.23
21 35 2
21 39 5
22 28 2.82
22 29 2.23
23 38 2.23
24 29 7.07
25 27 8.06
26 32 7.81
27 35 2.23
30 34 1.41
30 36 5.09
33 37 6.08
34 39 6
