0 1 1.41421
0 2 8.24621
0 17 6.08276
1 18 7.81025
1 25 5
2 38 9.84886
3 5 3.16228
3 25 2.23607
4 22 9.21954
4 27 2.82843
4 34 4.12311
5 19 5
5 21 6.32456
5 22 7.61577
6 9 4
6 28 2.23607
6 33 5
6 35 6.40312
7 10 2.23607
7 19 9.21954
7 28 5.83095
7 34 8.48528
8 24 5
8 33 2.82843
8 36 6.32456
9 15 7.2111
9 27 1.41421
10 30 1.41421
10 32 4.47214
11 17 4.12311
11 31 4.47214
11 32 3
11 35 4
12 27 3
12 39 5.09902
13 15 2
13 23 5.09902
14 23 3.16228
14 26 6.40312
16 18 2.23607
16 38 9.21954
18 20 10
19 37 6
20 32 5.83095
20 39 6.7082
21 29 3.60555
21 39 6.32456
22 24 4.12311
22 26 6.32456
24 31 6.40312
26 28 4.47214
28 37 2.23607
28 38 5.38516
29 35 6.7082
30 34 6.7082
31 37 3.60555
33 37 3
33 38 3
34 37 5
35 36 10
