0 7 6.7082
0 47 4
0 48 8.94427
0 67 2.23607
1 12 9.21954
1 74 5.38516
2 32 3.16228
2 33 6.40312
2 44 5.09902
2 53 8.60233
2 57 2.23607
3 25 3
3 60 5.83095
3 63 5
4 65 6
4 79 4.47214
5 65 9.43398
5 77 7.07107
6 46 10.8167
6 64 2
7 15 7.2111
7 36 1
8 46 3.60555
8 48 3.60555
9 10 5
9 32 5.65685
9 53 2.82843
10 27 2
10 32 4.12311
10 66 6.7082
11 32 5.65685
11 53 6.32456
11 66 6
12 14 4.24264
12 53 4.12311
12 72 7.07107
13 20 2.82843
13 35 7.28011
13 43 5.09902
13 52 4.12311
14 72 5.65685
15 41 6.7082
16 27 6.32456
16 33 4
16 42 3.16228
17 27 2.23607
17 42 4.12311
17 43 3.60555
17 56 5
17 64 3.60555
18 24 3
18 26 3.16228
18 41 4.47214
18 57 4.12311
18 76 2.23607
19 49 2.23607
19 67 1
20 48 6.08276
21 25 7.07107
21 31 9.05539
21 61 7.61577
22 43 1
22 70 6.40312
23 40 8.06226
23 58 3.60555
23 61 4.47214
24 36 5
25 36 5.83095
25 54 5.09902
25 61 2.82843
26 39 8.24621
26 76 2.23607
28 45 1.41421
28 71 7.2111
28 75 4.47214
29 31 5
29 74 3.16228
30 47 3.16228
30 59 1
32 66 4.47214
33 34 5.09902
34 78 1
35 71 6.7082
36 56 3.60555
37 53 3.16228
37 59 4.12311
37 77 7.07107
38 52 5
38 78 9.21954
39 49 3.60555
40 53 8.544
40 63 3
40 67 4.47214
40 73 4.12311
42 47 3.60555
42 69 1.41421
43 57 8.48528
44 68 1.41421
44 76 5.38516
45 52 5.38516
45 61 2.23607
47 48 5.65685
48 59 7.81025
50 62 2
50 64 6.32456
51 54 4.12311
51 55 7.81025
51 64 1.41421
53 68 7.07107
55 79 9.21954
56 58 4.24264
57 63 8.06226
57 75 10.2956
58 59 2
60 73 8.06226
62 76 5.83095
63 64 7.28011
63 67 4.12311
68 72 7.28011
69 70 7.61577
