0 47 4.43
0 48 3.51
1 12 3.27
1 74 3.05
2 32 3.66
2 33 2.36
2 44 4.45
2 57 1.72
3 60 2.26
3 63 3.38
4 79 3.17
5 65 2.92
5 77 1.72
6 46 4.05
7 15 4.12
7 36 3.13
9 10 3.85
9 32 3.85
9 53 3.87
10 27 3.23
10 32 3.31
10 66 2.51
11 32 1.99
11 53 4.75
11 66 1.16
12 14 3.99
12 53 4.9
12 72 1.17
13 35 3.21
13 43 4.88
13 52 3.31
14 72 3.13
15 41 3.78
16 27 4.26
16 33 1.16
16 42 4.69
17 27 3.17
17 42 1.95
17 64 3.33
18 24 4.63
18 26 4.4
18 41 2.11
18 57 3.41
18 76 3.08
19 67 4.56
21 25 1.49
23 40 2.7
23 58 1.09
23 61 3.45
24 36 2.79
25 36 3.69
25 61 1.26
26 39 1.57
26 76 3.94
28 45 2.87
28 75 1.15
29 31 1.45
30 47 3.34
30 59 2.72
32 66 1.24
33 34 1.07
34 78 1.06
39 49 1.93
40 53 1.33
40 67 2.97
40 73 1.16
42 47 3.76
43 57 3.52
44 68 4.25
45 52 2.97
45 61 4.07
47 48 1.72
48 59 4.24
50 62 1.94
50 64 3.8
51 54 2.86
53 68 1.17
56 58 4.3
57 63 3.76
57 75 1.72
58 59 1.12
62 76 4.41
63 67 2.89
69 70 3.22
