0 0
1 0
2 0
3 0
4 0
5 4.73
6 2.01
7 1.6
8 0
9 4.86
10 8.89
11 7.14
12 5.04
13 3.54
14 3.88
15 1.84
16 0
17 8.52
18 0
19 0
20 1.63
21 0
22 1.17
23 0
24 5.29
25 0
26 0
27 0
28 6.98
29 3.86
30 4.62
31 6.45
32 7.4
33 6.04
34 4.08
35 0
36 0
37 6.09
38 0
39 7.17
40 7.25
41 0
42 0
43 0
44 0
45 8
46 5.37
47 2.37
48 0
49 1.78
50 2.54
51 7.6
52 0
53 0
54 8.69
55 7.65
56 2.96
57 0
58 8.04
59 3.18
60 7.92
61 8.01
62 0
63 2.13
64 4.2
65 1.96
66 0
67 8.04
68 0
69 4.5
70 5.95
71 5.36
72 8.12
73 0
74 0
75 2.04
76 1.79
77 9.01
78 0
79 0
