0 0
1 35.7436
2 20.8219
3 14.199
4 45.6943
5 33.0344
6 19.5491
7 8.38525
8 15.6873
9 22.6008
10 19.9559
11 26.971
12 24.2191
13 22.3193
14 29.5224
15 17.3991
16 13.4598
17 14.6608
18 19.6353
19 4.04508
20 18.7838
21 25.7628
22 20.4178
23 17.2098
24 15.8853
25 16.9239
26 21.6549
27 17.4559
28 25.0223
29 43.332
30 8.95285
31 37.082
32 24.7747
33 18.4598
34 24.8336
35 31.4195
36 9.63525
37 15.3567
38 33.7232
39 11.3471
40 8.38525
41 25.2254
42 9.50694
43 19.1678
44 27.1956
45 23.2546
46 20.1942
47 5
48 11.1803
49 6.84017
50 24.9548
51 18.8169
52 27.4732
53 19.0653
54 23.2977
55 28.5797
56 14.1422
57 18.0268
58 12.7028
59 10.2028
60 21.4877
61 20.4595
62 27.4548
63 7.94897
64 17.0491
65 44.8269
66 28.3412
67 2.79508
68 27.9041
69 11.2747
70 20.7944
71 34.0362
72 33.058
73 13.5391
74 42.475
75 30.6125
76 22.4303
77 24.1956
78 26.0836
79 40.1041
