0 35.7436
1 0
2 27.4312
3 37.3583
4 57.6013
5 38.3088
6 38.7659
7 39.3453
8 40.0548
9 20.2138
10 26.4638
11 24.584
12 11.5244
13 42.6396
14 16.8277
15 48.3592
16 36.8695
17 31.7589
18 35.3802
19 34.1985
20 43.1513
21 28.2535
22 37.5159
23 32.792
24 39.1302
25 37.0924
26 36.8115
27 28.9638
28 42.3361
29 10.6843
30 27.035
31 16.9343
32 27.2849
33 35.4351
34 41.8089
35 51.7398
36 38.0953
37 20.6312
38 53.5498
39 41.5005
40 27.3583
41 40.9704
42 35.4948
43 36.2659
44 27.2849
45 40.5683
46 44.5617
47 30.9879
48 35.5479
49 36.9936
50 43.8051
51 38.0336
52 47.2998
53 16.6783
54 43.1875
55 47.7964
56 33.5883
57 30.2263
58 28.285
59 25.785
60 42.59
61 37.7733
62 41.3051
63 31.1083
64 36.2659
65 50.1013
66 32.084
67 32.9485
68 25.5171
69 37.2626
70 45.5198
71 51.35
72 20.3633
73 32.5122
74 6.73146
75 43.0958
76 34.0164
77 29.47
78 43.0589
79 59.3209
