0 20.8219
1 27.4312
2 0
3 19.1229
4 47.5539
5 32.3834
6 21.4088
7 19.199
8 33.0417
9 11.0239
10 9.10673
11 11.0239
12 15.9068
13 19.7755
14 21.2101
15 21.9244
16 13.0039
17 14.4018
18 7.94897
19 19.2768
20 23.311
21 31.7117
22 14.6517
23 26.7007
24 11.699
25 22.8729
26 11.9018
27 11.6067
28 21.2548
29 38.1155
30 21.1096
31 43.031
32 3.95285
33 8.00391
34 14.3777
35 28.8756
36 17.949
37 14.7058
38 27.1521
39 22.2096
40 16.6229
41 13.5391
42 16.9568
43 13.4017
44 6.37377
45 23.0226
46 34.9296
47 21.4637
48 28.5348
49 22.0719
50 20.5327
51 20.6765
52 24.9293
53 10.7529
54 25.8304
55 30.4393
56 20.6518
57 2.79508
58 22.3596
59 19.8596
60 26.4116
61 25.8176
62 18.0327
63 12.8729
64 18.9088
65 44.1759
66 9.54302
67 18.0268
68 8.14154
69 18.7245
70 22.6556
71 30.2687
72 17.2417
73 21.7768
74 34.1627
75 15.6646
76 10.7441
77 23.5446
78 15.6277
79 41.9638
