0 14.199
1 37.3583
2 19.1229
3 0
4 42.1551
5 42.3105
6 17.8501
7 12.2887
8 29.8862
9 24.2155
10 25.1522
11 28.5857
12 25.8339
13 21.966
14 31.1372
15 21.3026
16 27.6588
17 19.8571
18 21.0387
19 12.6539
20 25.5015
21 12.5888
22 25.614
23 12.8757
24 17.2887
25 3.75
26 24.9915
27 22.6522
28 11.8484
29 30.1581
30 21.1326
31 23.9081
32 23.0758
33 27.1268
34 33.5006
35 29.2475
36 11.0387
37 24.6329
38 23.0621
39 19.9559
40 10
41 26.6289
42 23.7059
43 24.364
44 25.4967
45 10.0806
46 31.371
47 19.199
48 25.3793
49 15.449
50 23.2558
51 15.2777
52 16.8121
53 20.68
54 10.1238
55 25.0405
56 15.5456
57 16.3278
58 17.3826
59 19.8826
60 7.28869
61 7.28553
62 25.7558
63 6.25
64 15.3501
65 49.6551
66 28.6659
67 11.4039
68 27.2644
69 25.4737
70 33.6179
71 20.8623
72 34.6727
73 15.1539
74 34.1109
75 17.4386
76 23.8338
77 33.4717
78 34.5865
79 36.5649
