0 45.6943
1 57.6013
2 47.5539
3 42.1551
4 0
5 19.2925
6 31.1452
7 45.1591
8 49.1729
9 44.4585
10 38.4472
11 48.8287
12 46.0769
13 44.0328
14 51.3802
15 54.1729
16 42.2588
17 33.1521
18 49.1346
19 44.1492
20 47.5684
21 47.2439
22 38.9091
23 47.5308
24 50.1591
25 38.4051
26 49.1346
27 35.9472
28 46.5035
29 64.8131
30 43.374
31 58.5631
32 43.6011
33 47.2588
34 53.6326
35 53.133
36 43.9091
37 36.9701
38 55.4367
39 51.4512
40 41.4953
41 54.7248
42 38.306
43 37.6591
44 51.5296
45 44.7357
46 44.666
47 42.8129
48 49.884
49 46.9443
50 36.5509
51 26.8774
52 49.1867
53 40.923
54 32.0313
55 17.1146
56 39.4021
57 47.8231
58 44.624
59 42.124
60 49.4438
61 41.9406
62 39.0509
63 37.7453
64 28.6452
65 7.5
66 46.8325
67 42.8992
68 49.7618
69 40.0738
70 46.913
71 55.5173
72 54.9157
73 46.6492
74 64.3328
75 52.0936
76 46.3396
77 28.1313
78 54.8826
79 5.59017
