0 12 4.24264
0 32 4.24264
0 47 5
0 55 2
1 41 9.43398
1 48 7.07107
2 4 6.32456
2 51 5
2 57 2.82843
3 25 11.4018
3 51 5.83095
4 5 1
5 15 2.23607
5 52 2.23607
6 19 3.16228
6 22 5
6 27 1.41421
6 57 6.7082
7 16 2
7 21 4.12311
7 37 1.41421
7 44 8.06226
8 14 2.23607
8 15 4.12311
8 25 8
8 34 4.47214
9 17 3.16228
9 31 7.61577
10 12 7.61577
10 59 3.60555
11 23 6.08276
11 27 10.6301
11 46 7.2111
12 24 3.16228
13 15 7.07107
13 31 6
13 40 2.23607
13 50 2.23607
14 28 2.23607
14 37 8.60233
15 33 3.60555
15 42 4
15 54 7
16 49 1.41421
16 58 1.41421
17 31 5.65685
17 58 1.41421
18 22 9.43398
18 29 4.12311
19 29 9.84886
19 44 9.48683
19 45 3.16228
19 59 7.28011
20 26 8.94427
20 29 2.23607
20 47 2.23607
20 50 5.09902
21 37 5.38516
23 25 10
23 30 6.32456
24 35 6.40312
24 56 7.2111
25 27 7.07107
26 54 1.41421
27 28 9.89949
27 38 5.38516
28 51 4.47214
30 53 4.12311
31 39 2.82843
32 34 2
33 39 4.12311
34 37 7.28011
34 59 3
35 43 7.2111
35 49 7.61577
36 52 5
36 59 6.08276
38 40 3.60555
38 42 5.65685
39 44 3
39 48 9.05539
40 49 1
41 53 5.38516
42 45 7.28011
43 46 6.32456
44 56 4.24264
45 50 2
46 56 5
47 48 9.89949
55 57 5
