0 12 3.46
0 32 1.46
0 47 3.11
1 41 1.84
1 48 3.61
2 4 4.57
2 51 2.82
2 57 1.27
3 25 4.04
3 51 2.94
4 5 4.2
5 15 3.92
5 52 2.97
6 19 4
6 27 2.56
6 57 1.18
7 16 3.75
7 44 2.95
8 15 2.06
8 34 1.53
9 17 1.74
9 31 2.79
10 12 2.91
10 59 2.98
13 15 1.89
13 31 2.23
13 40 1.7
14 28 3.15
15 42 3.02
15 54 4.97
16 58 1.39
17 58 1.01
19 29 2.65
19 44 1.54
19 45 4.07
19 59 4.87
20 26 1.77
20 29 3.93
20 47 1.91
20 50 1.57
21 37 3.18
23 30 3.77
27 28 3.58
27 38 2.51
28 51 1.58
30 53 3.52
31 39 2.62
33 39 4.48
34 59 2.67
35 43 2.16
35 49 4.51
36 52 1.38
36 59 3.6
38 40 4.76
38 42 1.07
39 44 4.99
39 48 3.43
40 49 1.04
41 53 4.27
42 45 1.87
44 56 4.29
45 50 1.13
