0 0
1 27.4632
2 12.2855
3 25.8242
4 20.1912
5 21.3424
6 17.1353
7 18.6712
8 13.3935
9 28.6596
10 14.823
11 32.1907
12 5.3033
13 18.2139
14 16.1886
15 18.5474
16 21.1712
17 24.7067
18 16.9941
19 20.6534
20 9.04508
21 23.6349
22 23.3853
23 35.8935
24 9.25615
25 23.3935
26 20.2254
27 18.903
28 18.9836
29 11.8402
30 43.7992
31 25.7139
32 5.3033
33 23.0543
34 7.8033
35 17.2601
36 19.1568
37 16.9034
38 25.516
39 27.3233
40 21.009
41 39.2557
42 23.5474
43 26.2739
44 23.5733
45 17.9189
46 24.52
47 6.25
48 18.6244
49 22.259
50 15.4189
51 18.5355
52 24.1375
53 45.9871
54 21.9932
55 2.5
56 18.27
57 8.75
58 22.939
59 11.5533
