0 27.4632
1 0
2 39.7487
3 53.2874
4 33.864
5 32.614
6 39.7195
7 33.9859
8 34.9728
9 33.2133
10 42.2862
11 39.187
12 32.7665
13 31.1936
14 37.7679
15 29.8189
16 34.3002
17 30.7647
18 31.9573
19 35.7666
20 24.0083
21 39.1398
22 43.7497
23 31.5835
24 36.7194
25 44.0835
26 35.1886
27 41.4872
28 40.5629
29 26.8034
30 23.6778
31 23.6936
32 32.7665
33 25.3119
34 35.2665
35 44.7233
36 41.6591
37 35.7537
38 38.4956
39 20.1581
40 33.9887
41 11.7925
42 34.8189
43 43.3671
44 23.9081
45 32.8821
46 35.4614
47 21.2132
48 8.83883
49 35.2387
50 30.3821
51 45.9987
52 35.4091
53 18.5239
54 36.9564
55 29.9632
56 29.2114
57 36.2132
58 32.5324
59 39.0165
