0 12.2855
1 39.7487
2 0
3 13.5387
4 7.90569
5 9.15569
6 11.9208
7 27.1559
8 17.1047
9 34.0908
10 27.1086
11 26.9762
12 17.5888
13 20.7896
14 14.6353
15 11.9508
16 26.6025
17 30.138
18 29.2796
19 15.8736
20 21.3306
21 32.1196
22 18.1708
23 34.5797
24 21.5417
25 22.5274
26 22.4685
27 13.6886
28 11.8402
29 24.1257
30 42.4854
31 25.1471
32 17.5888
33 16.4577
34 20.0888
35 29.5456
36 18.2008
37 25.3882
38 20.42
39 21.6116
40 23.5847
41 51.5412
42 16.9508
43 38.5595
44 25.3616
45 19.8265
46 35.9901
47 18.5355
48 30.9099
49 24.8347
50 22.3265
51 6.25
52 11.9508
53 47.6393
54 20.7008
55 9.78553
56 30.5556
57 3.53553
58 28.3702
59 23.8388
