0 25.8242
1 53.2874
2 13.5387
3 0
4 21.4444
5 22.6944
6 24.8588
7 28.1946
8 18.469
9 38.183
10 32.3161
11 34.3556
12 31.1275
13 32.4617
14 15.6739
15 23.6229
16 30.6946
17 34.2302
18 42.8183
19 28.8116
20 34.8693
21 33.1583
22 31.1088
23 26.7522
24 35.0804
25 14.2522
26 34.1407
27 23.091
28 12.8789
29 37.6644
30 34.6579
31 36.8193
32 26.5592
33 28.1299
34 24.0592
35 41.9821
36 31.7395
37 26.4269
38 29.8225
39 33.2837
40 33.7124
41 46.5432
42 28.6229
43 50.996
44 37.0337
45 32.7645
46 43.3695
47 32.0742
48 44.4486
49 32.4624
50 35.2568
51 7.28869
52 25.4895
53 39.8118
54 32.3729
55 23.3242
56 42.337
57 17.0742
58 32.4624
59 27.8092
