0 20.1912
1 33.864
2 7.90569
3 21.4444
4 0
5 1.25
6 19.8265
7 21.1968
8 9.19897
9 26.1852
10 22.4055
11 34.8819
12 25.4945
13 12.8839
14 11.9941
15 4.04508
16 18.6968
17 22.2323
18 30.0017
19 22.0981
20 22.0528
21 26.3507
22 26.0765
23 31.699
24 29.4474
25 19.199
26 14.5629
27 21.5942
28 14.7891
29 24.8479
30 39.6047
31 17.2414
32 17.2891
33 8.55202
34 14.7891
35 26.4487
36 10.2951
37 22.747
38 16.1162
39 13.7059
40 15.679
41 45.6564
42 9.04508
43 35.4626
44 17.4559
45 18.1452
46 29.0092
47 24.8479
48 25.0251
49 16.929
50 15.679
51 14.1557
52 4.04508
53 44.7585
54 12.7951
55 17.6912
56 22.7592
57 11.4412
58 20.4645
59 17.8985
