0 2 3
0 15 8.544
0 16 9.48683
0 21 2.23607
0 39 6.32456
0 57 3
1 9 5.83095
1 13 6.08276
1 35 1
1 47 9.48683
1 56 6.7082
2 6 9.21954
2 8 1
2 42 4.47214
3 11 3.16228
3 50 5.38516
3 54 10.8167
4 9 5.38516
4 47 2.23607
5 24 11.3137
5 27 4.47214
5 29 1
5 37 4.47214
6 11 7.61577
6 26 2
6 42 5
7 14 1
7 17 2.23607
8 23 6
9 35 5
9 56 6.08276
10 27 5.38516
10 45 3
10 47 2
10 48 6.7082
11 27 5
11 46 6.7082
12 19 2.23607
12 29 7.2111
12 50 5
13 38 4.12311
13 44 2
13 57 4.24264
14 30 8.544
14 37 1.41421
15 20 3.60555
16 28 8.94427
17 53 5.65685
18 33 8.06226
18 52 8.24621
19 43 4.12311
19 55 5.38516
20 32 3.60555
21 44 7.2111
21 53 6.32456
22 34 5.65685
22 36 6
23 44 2.23607
23 53 6.08276
24 27 7.2111
25 34 5
25 38 6.32456
26 45 5
28 49 2.23607
29 55 11.4018
30 51 5.38516
31 34 3
31 36 4.12311
31 43 3.16228
31 59 8.06226
32 47 5.38516
35 41 7.28011
35 43 5
36 54 7.2111
37 38 3
37 39 3.60555
38 48 1
39 48 2.23607
40 46 1
40 57 6.40312
41 51 6.40312
42 50 7.2111
43 52 4.47214
45 46 5.09902
46 58 8.60233
47 57 6.08276
48 54 6.32456
49 54 7.2111
57 58 3.16228
58 59 5.09902
