0 15 3.71
0 16 3.95
0 39 4.32
0 57 3.57
1 9 4.37
1 13 4.57
1 35 2.31
1 56 2.35
2 6 2.8
2 8 4.11
3 11 1.54
3 50 1.64
3 54 2.64
4 9 4.7
5 27 3.24
5 29 4.01
5 37 2.43
6 26 3.72
6 42 1.62
7 17 1.83
8 23 3.92
9 35 2.2
9 56 3.96
10 27 4.18
10 45 3.02
10 48 4.92
11 27 3.74
12 19 1.29
12 50 2.26
13 38 4.2
13 44 1.7
14 30 4.36
14 37 2.17
16 28 4.71
18 33 1.98
18 52 2.99
19 55 4.6
20 32 3.22
21 44 3.33
23 44 1.03
23 53 4.41
25 34 1.47
26 45 2.4
28 49 4.21
29 55 4.6
31 36 3.84
31 43 4.46
31 59 2.62
35 41 2.99
35 43 1.09
36 54 3.57
37 38 4.82
38 48 1.19
39 48 3.16
40 46 3.79
40 57 2.24
41 51 3.21
45 46 4.68
46 58 3.53
48 54 1.26
49 54 4.37
57 58 4.43
