0 0
1 16.6568
2 3.75
3 25.0855
4 14.1485
5 18.0028
6 15.2744
7 15.4304
8 5
9 20.88
10 13.8535
11 21.3892
12 24.604
13 9.0533
14 14.1804
15 10.68
16 11.8585
17 17.7718
18 40.0547
19 27.3991
20 15.1869
21 2.79508
22 33.1775
23 12.5
24 29.5988
25 19.8565
26 17.7744
27 20.5849
28 23.0389
29 19.2528
30 24.8604
31 24.1544
32 18.0849
33 50.1325
34 26.1065
35 17.9068
36 27.6204
37 12.4126
38 11.9508
39 7.90569
40 11.7539
41 27.0069
42 9.34017
43 24.1568
44 11.5533
45 17.6035
46 13.0039
47 11.3535
48 10.7008
49 25.834
50 18.354
51 31.5919
52 29.7469
53 10.7008
54 18.6065
55 33.505
56 25.042
57 3.75
58 7.70285
59 14.0766
