0 16.6568
1 0
2 20.4068
3 28.4304
4 14.0201
5 22.0975
6 26.8585
7 19.5251
8 20.3985
9 7.28869
10 14.3585
11 27.34
12 15.449
13 7.60345
14 18.2751
15 27.3368
16 28.5153
17 22.3202
18 23.3979
19 12.6539
20 23.0969
21 19.1173
22 22.2739
23 12.8985
24 30.1039
25 20.663
26 24.3585
27 21.09
28 33.722
29 23.3475
30 25.0855
31 11.4528
32 18.59
33 33.4758
34 15.2028
35 1.25
36 16.6067
37 16.5073
38 12.7573
39 16.8024
40 20.9107
41 10.3501
42 25.9969
43 7.5
44 10.1035
45 18.1085
46 22.1607
47 11.8585
48 14.0073
49 30.9269
50 21.699
51 18.354
52 13.0902
53 20.502
54 21.913
55 19.3853
56 8.38525
57 12.9068
58 16.8596
59 21.5307
