0 3.75
1 20.4068
2 0
3 21.3355
4 17.8985
5 21.7528
6 11.5244
7 19.1804
8 1.25
9 24.63
10 17.6035
11 21.0441
12 20.854
13 12.8033
14 17.9304
15 14.43
16 15.6085
17 21.5218
18 43.8047
19 23.6491
20 18.9369
21 6.54508
22 36.9275
23 8.75
24 33.3488
25 23.6065
26 14.0244
27 24.3349
28 26.7889
29 23.0028
30 28.6104
31 27.9044
32 21.8349
33 53.8825
34 29.8565
35 21.6568
36 31.3704
37 16.1626
38 15.7008
39 11.6557
40 15.5039
41 30.7569
42 5.59017
43 27.9068
44 11.5451
45 20.2744
46 16.7539
47 15.1035
48 14.4508
49 29.584
50 14.604
51 35.3419
52 33.4969
53 14.4508
54 22.3565
55 30.3806
56 28.792
57 7.5
58 11.4528
59 17.8266
