0 25.0855
1 28.4304
2 21.3355
3 0
4 22.2294
5 15.793
6 13.4726
7 24.401
8 22.5855
9 28.9608
10 16.9343
11 3.95285
12 12.9815
13 26.8953
14 23.151
15 35.1796
16 36.5101
17 27.196
18 36.8284
19 15.7765
20 30.6727
21 27.8806
22 30.0347
23 30.0855
24 19.2167
25 30.5822
26 15.9726
27 10.2028
28 25.3298
29 17.043
30 33.831
31 24.8833
32 26.1658
33 46.9062
34 28.6333
35 27.1804
36 22.5347
37 21.3832
38 22.6765
39 24.2216
40 13.5881
41 36.2806
42 15.7453
43 20.9304
44 29.3953
45 18.7119
46 12.3381
47 19.4343
48 21.4265
49 22.5347
50 6.73146
51 40.5624
52 26.5206
53 34.2671
54 13.5208
55 22.508
56 36.5643
57 21.592
58 23.091
59 29.4648
