0 14.1485
1 14.0201
2 17.8985
3 22.2294
4 0
5 17.6167
6 17.7951
7 21.6981
8 19.1485
9 6.73146
10 5.29508
11 18.2765
12 27.1804
13 15.7018
14 20.4481
15 18.5404
16 26.0071
17 24.4932
18 35.1294
19 24.3853
20 14.0335
21 16.9436
22 34.0054
23 20.9969
24 21.0404
25 22.836
26 15.2951
27 12.0265
28 33.395
29 18.8667
30 31.1281
31 23.1843
32 9.52654
33 45.2072
34 26.9343
35 12.9815
36 28.3382
37 18.6803
38 14.9303
39 16.4754
40 16.6689
41 22.0816
42 23.4887
43 19.2315
44 18.2018
45 9.04508
46 15.4189
47 2.79508
48 13.6803
49 30.5999
50 28.9608
51 30.0855
52 24.8216
53 24.8493
54 21.586
55 31.1168
56 14.3349
57 10.3985
58 14.3514
59 20.7252
