0 19 4
0 20 7
0 32 7.07
0 36 4.47
0 57 2.82
1 32 4.24
1 44 4.47
2 15 3
2 17 2.23
2 45 4.12
3 12 7.07
3 45 5.09
4 10 8.06
4 26 4.47
5 6 1.41
5 14 8.48
6 24 7.61
6 29 10
7 11 8.06
7 29 9.89
7 46 9.21
8 26 6.08
8 39 4.47
8 57 7.81
9 10 5.38
9 33 4.12
10 28 7.07
10 30 8.24
10 35 9.89
11 17 10.29
11 55 8.54
12 25 6.4
12 52 6.7
13 27 9.05
13 55 6.08
13 59 7.28
14 35 9.05
15 58 8.94
16 18 5.83
16 37 3.16
18 44 5.09
18 53 1
19 42 4.47
20 28 8.48
21 40 4.12
21 48 10.63
22 26 3.16
22 44 3.16
22 56 3.16
23 37 3.6
23 52 4
23 54 3.6
24 33 8
24 42 4.12
24 45 6.08
24 48 4
24 53 7.07
25 26 1
25 50 2.23
26 52 1
27 38 9.21
27 45 6.32
27 49 6.32
28 34 5
30 36 4.12
30 37 5.38
30 59 2
31 34 1.41
31 46 7.07
32 48 9.43
35 41 2
35 42 8.06
35 45 3.6
35 57 9.43
36 51 4
38 41 5.83
38 51 6.4
38 52 1.41
39 56 6.7
40 47 2.23
41 55 5.09
42 50 8.6
43 59 6.32
45 50 4
47 58 7.07
49 53 8.54
51 54 7.07
51 58 3.16
54 56 4.24
54 59 7.81
