0 0
1 14.1375
2 24.9625
3 26.175
4 26.475
5 27.0125
6 25.25
7 44.925
8 13.2875
9 27.7625
10 21.0375
11 34.85
12 28.725
13 22.3375
14 26.625
15 25.7125
16 21.4125
17 27.75
18 25.825
19 5
20 8.75
21 31.3125
22 23.675
23 21.9625
24 15.7375
25 22.1375
26 20.8875
27 27.7125
28 19.35
29 37.75
30 10.7375
31 27.3625
32 8.8375
33 25.7375
34 25.6
35 15.3125
36 5.5875
37 17.4625
38 18.5875
39 18.875
40 26.1625
41 17.8125
42 10.5875
43 21.1375
44 19.725
45 19.8125
46 36.2
47 23.375
48 20.625
49 35.25
50 21.3375
51 10.5875
52 20.35
53 24.575
54 19.425
55 24.175
56 24.725
57 3.525
58 14.5375
59 13.2375
