0 14.1375
1 0
2 27.675
3 28.8875
4 19.075
5 33.3125
6 31.55
7 50.9
8 21.0875
9 35.875
10 29.15
11 40.825
12 22.7375
13 36.475
14 37.6
15 31.425
16 19.2375
17 30.4625
18 11.95
19 19.1375
20 22.8875
21 30.375
22 9.5375
23 19.7375
24 22.0375
25 14.7375
26 13.4875
27 28.0125
28 33.4875
29 44.05
30 24.875
31 41.5
32 5.3
33 32.0375
34 39.7375
35 26.2875
36 19.725
37 23.1875
38 16.5
39 21.8625
40 35.525
41 23.7875
42 24.725
43 35.275
44 5.5875
45 22.525
46 50.3375
47 37.2875
48 17.0875
49 23.875
50 17.525
51 24.5
52 14.7375
53 13.2
54 18.7875
55 30.15
56 13.4875
57 17.6625
58 28.45
59 27.375
