0 24.9625
1 27.675
2 0
3 11.5125
4 19.775
5 24.025
6 22.2625
7 25.725
8 21.7875
9 27.9
10 22.0125
11 15.65
12 20.35
13 24.3625
14 20.9625
15 3.75
16 28.8875
17 2.7875
18 22.8375
19 23.4875
20 33.7125
21 31.0375
22 18.1375
23 20.4375
24 12.75
25 12.9375
26 14.1875
27 13.05
28 30.85
29 34.7625
30 29.025
31 38.8625
32 29.5375
33 22.75
34 37.1
35 9.65
36 23.875
37 24.9375
38 17.2
39 27.375
40 26.55
41 12.15
42 17.9
43 39.425
44 22.0875
45 5.15
46 37.2375
47 23.7625
48 17.75
49 20.95
50 10.15
51 18.875
52 15.4375
53 21.5875
54 24.9375
55 18.5125
56 22.0875
57 21.4375
58 14.925
59 31.525
