0 26.175
1 28.8875
2 11.5125
3 0
4 20.9875
5 25.2375
6 23.475
7 37.2375
8 23
9 29.1125
10 23.225
11 27.1625
12 8.8375
13 25.575
14 22.175
15 15.2625
16 30.1
17 14.3
18 24.05
19 24.7
20 34.925
21 32.25
22 19.35
23 21.65
24 13.9625
25 14.15
26 15.4
27 14.2625
28 32.0625
29 35.975
30 32.875
31 40.075
32 30.75
33 23.9625
34 38.3125
35 10.8625
36 31.4125
37 26.15
38 18.4125
39 28.5875
40 37.4
41 13.3625
42 19.1125
43 42.575
44 23.3
45 6.3625
46 48.75
47 35.275
48 18.9625
49 22.1625
50 11.3625
51 26.4125
52 16.65
53 22.8
54 26.15
55 19.725
56 23.3
57 22.65
58 26.4375
59 34.675
