0 26.475
1 19.075
2 19.775
3 20.9875
4 0
5 33.5
6 31.7375
7 43
8 13.1875
9 16.8
10 10.075
11 32.925
12 14.8375
13 29.85
14 29.7
15 23.525
16 20.2875
17 22.5625
18 19.85
19 25.9625
20 29.5125
21 37.325
22 9.5375
23 11.8375
24 22.225
25 6.8375
26 5.5875
27 20.1125
28 18.9125
29 44.2375
30 20.375
31 26.925
32 24.375
33 21.95
34 25.1625
35 18.3875
36 21.6
37 16.3375
38 8.6
39 18.775
40 32.175
41 15.8875
42 20.375
43 30.775
44 13.4875
45 14.625
46 35.7625
47 29.3875
48 27.225
49 28.0125
50 9.625
51 16.6
52 6.8375
53 21.1
54 16.3375
55 22.25
56 13.4875
57 22.95
58 20.55
59 22.875
