0 18 3.60555
0 26 6
0 33 3.16228
0 39 3.16228
0 76 1
1 38 5.09902
1 55 6.08276
1 60 10
1 62 4.47214
2 10 7.07107
2 69 2.23607
2 71 5.09902
2 72 3.16228
3 5 3.16228
3 33 5
3 36 3.60555
3 52 5
4 14 2.23607
4 65 4
4 73 5
6 34 5
6 51 4.12311
6 69 9.48683
7 32 1
7 53 6.32456
7 75 3.60555
8 25 8.06226
8 31 2.23607
8 43 2.23607
8 46 5.83095
8 72 2.23607
9 21 6.40312
9 56 2.82843
9 78 6.08276
10 19 1
11 18 7.07107
11 31 6
12 24 6
12 70 4
12 74 4.47214
13 34 2.82843
13 44 8.24621
13 59 3
14 65 3.60555
15 17 7.61577
15 23 1.41421
16 40 4
16 71 1
17 49 3.60555
19 68 7.07107
20 21 1.41421
20 26 3
20 57 7.2111
21 67 6.7082
22 25 6.08276
22 32 5.09902
22 51 3
23 54 7.07107
23 76 4
24 56 5.65685
25 67 5
26 66 1.41421
27 74 2.23607
27 79 8.24621
28 52 8.94427
28 56 7.07107
28 64 9.84886
29 33 6.32456
29 76 6.40312
30 42 5.38516
30 48 2.23607
30 60 6.32456
31 49 4.12311
32 50 4.12311
32 71 5
33 73 2.23607
35 45 4
35 59 9.43398
35 61 3.16228
36 57 6.08276
37 38 5.38516
37 47 3.60555
37 66 5
38 52 5.83095
38 71 2.23607
39 65 4.47214
39 72 2.23607
40 46 1.41421
41 46 6.08276
41 55 5.09902
41 56 8.06226
41 62 4.12311
42 54 7.61577
42 76 4.47214
43 78 5.09902
44 58 4.24264
45 67 8.544
45 74 5
46 61 6.40312
47 49 5.83095
47 69 2
48 77 4.47214
48 79 3.16228
50 62 6.7082
50 75 2.23607
51 69 5.38516
52 57 7.81025
52 77 4.12311
53 58 4
54 62 7.81025
54 65 6.40312
55 75 3
59 63 2.23607
63 64 9.48683
64 66 5
65 78 1
67 72 5
68 70 3.16228
72 74 3.60555
75 76 3.60555
