0 18 3.17
0 26 1.22
0 33 3.49
0 39 3.2
0 76 4.95
1 38 3.03
1 60 4.56
1 62 3.1
2 10 3.57
2 71 4.05
2 72 1.17
3 5 4.67
3 52 2.91
4 14 1.22
4 65 1.93
6 34 4.02
7 53 2.39
7 75 1.52
8 31 3.47
8 43 3.36
8 72 1.5
9 21 3.65
9 56 4.65
11 18 2.58
11 31 4.19
12 70 2.07
13 44 3.13
13 59 4.74
15 17 4.61
15 23 2.07
16 40 4.65
16 71 2.21
17 49 1.99
19 68 4.08
20 21 4.64
20 26 2.06
20 57 3.78
21 67 1.15
22 25 2.62
22 32 2.51
22 51 4.19
23 54 2.14
23 76 4
24 56 1.11
25 67 2.1
26 66 2.17
27 74 2.1
27 79 1.76
28 52 3.1
29 33 4.08
29 76 3.07
30 42 1.27
30 48 1.01
30 60 3
31 49 2.7
32 71 1.2
33 73 1.7
35 45 4.54
35 61 2.89
37 38 4.86
37 66 1.71
38 52 2.25
38 71 1.04
39 65 3.89
39 72 2.44
40 46 3.33
41 55 1.1
41 56 1.47
41 62 3.8
42 54 1.62
43 78 2.41
44 58 2.15
46 61 1.24
48 77 3.72
50 75 4.76
52 57 3.54
52 77 3.57
54 62 1.16
54 65 4.69
55 75 2.65
63 64 4.87
65 78 1.88
72 74 3.98
75 76 3.49
