0 0
1 0
2 0
3 0
4 0
5 2.61
6 4.94
7 0
8 0
9 9.51
10 8.99
11 0
12 2.32
13 0
14 0
15 7.85
16 5.81
17 0
18 0
19 4.1
20 5.38
21 1.05
22 8.81
23 0
24 3.34
25 3.52
26 8.99
27 8.61
28 0
29 7.49
30 0
31 0
32 5.39
33 0
34 9.53
35 9.5
36 2.18
37 3.72
38 7.87
39 4.37
40 0
41 0
42 1.66
43 4.72
44 0
45 1.26
46 4.58
47 8.33
48 9.05
49 6.19
50 3.06
51 0
52 3.52
53 0
54 7.76
55 0
56 0
57 3.53
58 5.04
59 5.8
60 7.06
61 0
62 0
63 5.3
64 9.86
65 9.03
66 4.76
67 0
68 0
69 8.32
70 1.99
71 7.95
72 0
73 9.87
74 2.09
75 0
76 0
77 3.72
78 0
79 6.78
