0 0
1 17.1104
2 10.7008
3 10.2028
4 12.9979
5 14.1557
6 25.3544
7 10.2639
8 9.54302
9 18.3965
10 19.5396
11 13.3458
12 16.845
13 33.9214
14 14.05
15 8.01777
16 18.3246
17 17.5375
18 4.50694
19 20.7896
20 11.25
21 13.0178
22 17.8877
23 6.25
24 24.345
25 19.2479
26 7.5
27 14.05
28 27.6332
29 9.25391
30 13.5716
31 12.3381
32 11.5139
33 3.95285
34 31.6044
35 22.5049
36 14.7098
37 15.5178
38 19.8696
39 3.95285
40 18.5995
41 15.8807
42 6.84017
43 12.3381
44 28.4729
45 17.5049
46 16.8317
47 15.9959
48 16.3667
49 17.492
50 8.55202
51 20.2273
52 16.4528
53 18.1696
54 15.0888
55 9.50694
56 21.932
57 20.2639
58 23.1696
59 30.1714
60 21.4773
61 24.8356
62 16.9373
63 27.3763
64 15.5178
65 9.54302
66 9.26777
67 12.9979
68 25.7979
69 13.4959
70 21.845
71 17.0746
72 6.74793
73 6.74793
74 11.2549
75 5.75694
76 1.25
77 21.6067
78 10.793
79 20.3196
