0 17.1104
1 0
2 15.5426
3 19.9125
4 28.3569
5 23.8653
6 30.1963
7 15.8604
8 22.2906
9 24.3574
10 24.3815
11 30.4562
12 29.5926
13 39.9818
14 27.8638
15 22.6282
16 10.4189
17 29.4078
18 21.6173
19 25.6315
20 24.873
21 26.6408
22 21.7926
23 20.8604
24 27.8929
25 29.3961
26 21.123
27 26.7975
28 24.8428
29 23.8643
30 20.4057
31 25.0857
32 15.4189
33 21.0632
34 36.4463
35 29.1434
36 24.4194
37 13.1052
38 6.37377
39 21.0632
40 15.4189
41 10.7441
42 21.4506
43 25.0857
44 34.0694
45 30.2524
46 17.1866
47 17.6122
48 23.2008
49 24.9009
50 13.9754
51 25.0692
52 13.6625
53 23.7661
54 15.353
55 7.60345
56 20.8219
57 23.4253
58 28.7661
59 40.2589
60 12.5
61 25.1905
62 5.59017
63 37.4638
64 25.6052
65 23.3569
66 19.3552
67 25.7455
68 34.4703
69 18.3377
70 34.5926
71 9.16886
72 19.4955
73 23.8583
74 24.0024
75 11.3535
76 15.8604
77 18.8163
78 24.6069
79 27.1536
