0 10.7008
1 15.5426
2 0
3 20.9036
4 17.3381
5 24.8565
6 14.6536
7 13.8738
8 6.74793
9 21.1916
10 8.83883
11 17.043
12 14.05
13 24.4392
14 16.845
15 18.7185
16 7.62377
17 17.0907
18 15.2077
19 10.0888
20 20.3559
21 18.5881
22 13.2765
23 16.9508
24 21.55
25 16.4528
26 17.8198
27 11.2549
28 27.6379
29 19.9547
30 24.2724
31 9.54302
32 12.6238
33 14.6536
34 20.9036
35 19.7098
36 25.4106
37 9.80202
38 9.16886
39 6.74793
40 12.6238
41 21.6401
42 17.5409
43 9.54302
44 32.0828
45 14.7098
46 14.0366
47 5.29508
48 25.5155
49 12.5838
50 17.7777
51 9.52654
52 16.4575
53 21.7795
54 20.342
55 20.2077
56 24.7271
57 26.2204
58 26.7795
59 28.1892
60 28.0426
61 22.0405
62 21.1328
63 30.9842
64 22.302
65 12.3381
66 16.052
67 10.2028
68 18.9277
69 2.79508
70 19.05
71 6.37377
72 3.95285
73 17.4487
74 8.45979
75 16.4577
76 11.9508
77 21.6114
78 13.5881
79 21.5626
