0 10.2028
1 19.9125
2 20.9036
3 0
4 15.2951
5 3.95285
6 35.5573
7 20.4667
8 19.7459
9 28.5993
10 29.7425
11 23.5486
12 27.0479
13 44.1242
14 18.0902
15 18.2206
16 17.5838
17 27.7403
18 14.7098
19 30.9925
20 21.1243
21 22.892
22 28.0905
23 16.4528
24 33.3402
25 29.4508
26 17.7028
27 24.2528
28 17.4303
29 14.1557
30 19.7891
31 22.5409
32 21.7167
33 6.25
34 41.8073
35 32.7077
36 4.50694
37 20.2701
38 13.5387
39 14.1557
40 22.5838
41 26.0836
42 17.043
43 22.5409
44 38.6757
45 27.7077
46 24.3515
47 24.7771
48 16.9941
49 27.6948
50 18.7549
51 30.4302
52 6.25
53 28.3724
54 25.2917
55 19.7098
56 26.2692
57 12.1104
58 33.3724
59 40.3742
60 27.6948
61 32.3554
62 25.5026
63 37.5792
64 25.7206
65 19.7459
66 19.4706
67 23.2008
68 36.0007
69 23.6987
70 32.0479
71 16.3338
72 16.9508
73 9.04508
74 21.4577
75 15.9598
76 11.4528
77 11.4039
78 20.9959
79 20.9469
