0 12.9979
1 28.3569
2 17.3381
3 15.2951
4 0
5 19.2479
6 31.9917
7 23.2618
8 15.4189
9 13.8535
10 26.1769
11 25.7139
12 23.4824
13 41.7773
14 2.79508
15 21.0157
16 24.9619
17 27.8748
18 17.5049
19 27.4269
20 23.6251
21 21.8574
22 30.6146
23 19.2479
24 24.4601
25 25.4967
26 20.4979
27 20.6873
28 26.2278
29 16.9508
30 26.5696
31 18.2139
32 24.5118
33 9.04508
34 38.2417
35 29.1422
36 19.802
37 27.1401
38 26.507
39 10.5902
40 24.4753
41 27.4668
42 19.8381
43 12.6238
44 41.4708
45 24.1422
46 22.7075
47 22.6332
48 29.3646
49 23.3678
50 21.55
51 26.8646
52 21.5451
53 31.1675
54 13.0039
55 22.5049
56 17.389
57 27.4055
58 36.1675
59 40.9347
60 34.4753
61 30.7115
62 22.7667
63 40.3742
64 28.5157
65 5
66 22.2657
67 19.6353
68 32.4352
69 20.1332
70 28.4824
71 23.7119
72 13.3853
73 6.25
74 17.8922
75 18.7549
76 14.2479
77 26.699
78 6.25
79 30.995
