0 4 1.41
0 10 1
0 31 3.6
0 39 2.23
1 21 2.82
1 46 5.83
2 11 2.82
2 21 5.09
2 56 8.06
2 59 7.07
3 34 2.23
3 45 1.41
4 29 9.21
4 48 3.16
5 18 5
5 34 6.7
5 48 4.12
5 49 2.23
6 22 5.65
6 34 5
6 53 3.6
7 22 7
7 33 6.7
8 17 5.83
8 46 3
9 11 4.47
9 26 1
10 15 3.16
10 22 4.47
11 32 2
11 45 1
11 48 5.09
12 30 8.6
12 33 4.24
13 39 4.12
13 41 7.28
14 19 5.83
14 37 6.4
14 52 5.09
15 21 6.08
15 43 6.08
16 26 8.24
16 37 9.05
16 40 1
17 28 2.82
18 27 6.4
18 42 5
18 47 5.38
19 31 4.12
19 32 4.47
19 37 9.21
20 35 3.6
20 38 5
20 44 6.32
20 45 1.41
21 37 2.23
21 42 6.08
22 59 9.21
23 29 3.16
23 59 4.12
24 55 2.23
24 56 4.47
24 58 2.82
25 41 8.48
25 44 7.07
26 53 6.4
26 54 5.65
27 28 5.65
27 40 9.84
29 43 7.28
30 45 8.94
31 47 1.41
32 39 2.23
33 50 3.16
33 51 2.23
35 36 1.41
35 37 3.6
36 50 5
36 52 7.21
37 57 4.47
38 54 2.23
39 45 3.16
40 45 7.81
43 57 5
49 54 3.6
50 58 5.83
51 53 7.21
52 57 7.28
53 55 5.09
55 56 5
