0 0
1 16.325
2 11.5125
3 8.5
4 1.7625
5 10.8625
6 13.9
7 15.5875
8 27.3625
9 13.575
10 1.25
11 7.9875
12 28.6625
13 7.9375
14 16.9375
15 5.2
16 17.75
17 31.575
18 12.9875
19 9.65
20 8.5
21 12.8
22 6.8375
23 17.225
24 27.175
25 25.2375
26 14.825
27 20.9875
28 28.05
29 13.275
30 17.9125
31 4.5
32 5.575
33 23.9625
34 11.2875
35 13
36 14.7625
37 15.5875
38 14.75
39 2.7875
40 16.5
41 17.0375
42 19.2375
43 12.8
44 16.4
45 6.7375
46 23.6125
47 6.2625
48 5.7125
49 13.65
50 21.0125
51 26.75
52 23.3
53 18.4
54 17.5375
55 24.7625
56 21.5875
57 19.05
58 28.3
59 18.35
