0 16.325
1 0
2 9.8875
3 16.425
4 18.0875
5 23.625
6 25.4625
7 29.4125
8 11.0375
9 19
10 15.075
11 13.4125
12 28.075
13 23.7625
14 14.3125
15 11.125
16 17.625
17 18.325
18 17.375
19 17.825
20 15.3125
21 3.525
22 20.6625
23 23.875
24 25.55
25 32.05
26 20.25
27 25.375
28 21.85
29 27.25
30 25.8375
31 20.825
32 15.9125
33 22.775
34 19.2125
35 10.8125
36 12.575
37 6.3125
38 21.5625
39 18.6125
40 18.875
41 32.8625
42 11.125
43 18.15
44 23.2125
45 14.6625
46 7.2875
47 22.5875
48 19.775
49 26.4125
50 18.825
51 25.5625
52 20.675
53 28.25
54 24.35
55 26.2125
56 19.9625
57 11.9
58 26.1125
59 18.725
