0 11.5125
1 9.8875
2 0
3 6.5375
4 13.275
5 15.0375
6 15.575
7 27.1
8 20.925
9 9.1125
10 12.7625
11 3.525
12 26.7
13 13.875
14 17.15
15 13.9625
16 15.7875
17 28.2125
18 20.2125
19 11.6125
20 6.5375
21 6.3625
22 18.35
23 13.9875
24 15.6625
25 23.275
26 10.3625
27 26.8375
28 31.7375
29 17.9375
30 15.95
31 16.0125
32 6.025
33 23
34 9.325
35 11.0375
36 12.8
37 9.15
38 12.7875
39 8.725
40 14.5375
41 22.975
42 13.9625
43 20.9875
44 14.4375
45 4.775
46 17.175
47 17.775
48 9.8875
49 17.825
50 19.05
51 25.7875
52 21.8125
53 18.3625
54 15.575
55 16.325
56 10.075
57 14.7375
58 19.1875
59 8.8375
