0 8.5
1 16.425
2 6.5375
3 0
4 10.2625
5 11.1625
6 9.0375
7 24.0875
8 27.4625
9 8.6
10 9.75
11 3.0125
12 23.6875
13 10.8625
14 18.3875
15 13.7
16 12.775
17 34.4125
18 17.4125
19 11.1
20 3.525
21 12.9
22 15.3375
23 20.525
24 22.2
25 20.2625
26 9.85
27 23.825
28 30.8875
29 21.775
30 12.9375
31 13
32 5.5125
33 19.9875
34 2.7875
35 8.025
36 9.7875
37 12.525
38 9.775
39 5.7125
40 11.525
41 19.9625
42 20.5
43 21.3
44 11.425
45 1.7625
46 23.7125
47 14.7625
48 9.375
49 13.95
50 16.0375
51 22.55
52 18.8
53 13.5375
54 12.5625
55 19.9
56 16.6125
57 18.1125
58 23.325
59 15.375
