0 1.7625
1 18.0875
2 13.275
3 10.2625
4 0
5 9.1
6 15.6625
7 17.35
8 29.125
9 15.3375
10 3.0125
11 9.75
12 30.425
13 9.7
14 18.7
15 6.9625
16 19.5125
17 33.3375
18 14.75
19 11.4125
20 10.2625
21 14.5625
22 8.6
23 15.4625
24 28.9375
25 27
26 16.5875
27 22.75
28 29.8125
29 11.5125
30 19.675
31 6.2625
32 7.3375
33 25.725
34 13.05
35 14.7625
36 16.525
37 17.35
38 16.5125
39 4.55
40 18.2625
41 18.8
42 21
43 14.5625
44 18.1625
45 8.5
46 25.375
47 8.025
48 3.95
49 11.8875
50 22.775
51 28.5125
52 25.0625
53 20.1625
54 16.3875
55 26.525
56 23.35
57 20.8125
58 30.0625
59 20.1125
