0 5 6
0 7 7.07107
0 21 8.94427
0 32 4.12311
1 3 4.47214
1 26 7
1 32 8.06226
2 17 6.40312
2 29 4.12311
2 34 5.65685
3 11 7.07107
3 14 6.40312
3 15 1.41421
3 20 2.82843
3 33 6.08276
4 12 1
4 26 2.23607
4 29 2.23607
6 19 1
6 33 7.28011
7 20 9.48683
7 27 6.08276
8 30 1
8 37 8
9 19 5.83095
9 20 3
10 17 6
10 30 1
10 34 6.08276
11 14 1
11 17 7
11 22 6
11 34 6
12 18 6.40312
12 21 5
13 16 2.23607
13 36 2
13 39 3.60555
14 39 4.12311
15 29 8.06226
15 31 5.38516
15 35 5.38516
16 21 5.09902
16 28 2
16 31 4.12311
17 31 8.48528
18 38 5.09902
21 27 9
22 24 7.81025
23 33 6.7082
23 36 1
24 31 7.2111
25 27 4.47214
25 35 2.82843
25 39 2.23607
28 37 5
32 33 4
32 37 7.07107
34 35 5.38516
38 39 3.16228
