0 3 4
0 12 2.82
0 16 1.41
1 15 2.82
1 19 5.38
1 25 2.82
1 37 1
2 5 4.12
2 34 3.6
3 14 2.82
3 23 4.12
4 24 8.6
4 31 7.81
4 39 5.83
5 17 4
5 21 3.6
6 25 2
6 32 3.6
6 37 2.23
7 11 2.82
7 18 3
7 38 6.4
8 22 4.12
8 24 7.81
9 28 6.08
9 36 4.12
10 22 3.16
10 39 2.82
11 19 1
11 30 2.23
12 30 9.05
13 20 9.05
13 30 5
14 26 4.24
14 32 1.41
14 36 4.47
15 19 8.06
15 23 4.47
16 20 1
16 28 5.65
16 35 7.07
17 34 2.82
17 35 4.12
18 27 8.94
18 29 8.06
19 20 8.54
20 26 7
21 33 1.41
23 25 6
24 38 1.41
25 28 1
25 33 4.12
26 29 6.4
27 33 5.83
28 32 2
31 35 9.43
31 36 5.38
31 39 2.23
33 37 3.16
35 36 6
