0 11 4
0 19 1
0 31 7.07
0 34 2.23
0 39 2.23
1 8 7.07
1 23 1
2 16 4
2 33 1.41
3 12 9.05
3 34 4.47
3 38 9.48
4 10 8.06
4 14 1.41
5 7 7.07
5 20 7.21
5 23 5.38
6 21 9.05
6 34 5
7 8 8.94
7 18 1
7 21 8.06
7 36 10
8 24 5
8 30 3.6
8 33 2.82
9 29 8.94
9 37 5
10 11 11.31
10 17 7.61
10 29 5
10 33 9.21
11 25 9.89
11 36 8.06
12 32 9.21
13 28 8.24
13 37 5
14 16 5.83
14 17 1
14 18 2.23
15 25 8.94
15 33 2.23
16 22 4.12
17 30 5.83
17 32 2.82
18 26 8.24
18 35 8.24
18 39 8.54
19 22 5
19 24 4.12
20 27 6.4
22 28 6.4
24 27 2.82
24 36 8.06
25 35 2
26 31 8.24
26 35 8.48
29 32 6.4
30 38 5.38
32 39 5
