0 12 7.28
0 14 3
0 19 9.48
0 31 9.89
0 43 7.07
1 5 3.6
1 51 7.07
2 49 9.21
2 50 8.6
2 52 7
3 26 3.16
3 29 8.6
3 58 8.24
4 5 11.4
4 18 5.38
5 46 7.61
6 7 4.12
6 18 5.09
6 56 5.38
7 39 8.24
7 42 9.43
7 45 5.83
7 54 9.21
8 20 7.81
8 29 3.6
9 43 8.6
9 56 4.47
10 28 2
10 44 5.38
10 47 10
11 25 5.38
11 31 5.83
12 36 7.07
12 50 8.06
13 23 7.07
13 33 4.47
13 52 1
14 23 2.23
15 20 7.28
15 39 7.21
15 40 2
16 36 5.83
16 41 6.7
17 26 3
17 35 3
19 21 2.82
19 27 2.82
19 53 5
21 43 8.48
21 57 1
22 23 7
22 26 6.32
22 54 6.32
22 58 7.07
23 30 7.21
24 45 4.12
24 57 3.16
25 29 6
25 57 7.61
25 59 7
27 35 3.6
27 53 5.38
27 55 6.4
28 29 8.6
28 30 7.28
28 56 5
32 35 5
32 38 6.08
32 46 3.16
33 38 1
34 37 9.05
34 47 8
35 48 2.23
35 53 2
37 44 6.4
37 56 5
38 51 4
39 46 6
40 48 4.47
40 59 5.83
41 46 6.32
41 57 8.06
42 53 5.83
42 54 7.21
45 46 3.16
46 48 4
49 55 1.41
50 51 4.12
54 55 7.21
54 58 3.16
