0 12 1.14
0 14 4.85
0 43 1.19
2 50 2.46
3 26 1.59
3 58 4.57
5 46 3.07
6 18 4.14
6 56 2.48
7 39 1.09
7 45 3.12
8 20 2.87
8 29 3.4
9 56 1.66
10 44 1.6
11 25 1.02
11 31 3.22
12 50 2.57
13 23 4.11
13 33 3.56
14 23 4.93
16 36 2.66
17 26 1.82
19 21 3.41
19 53 1.99
21 57 3.94
22 23 1.94
22 54 4.77
22 58 4.96
24 45 1
24 57 2.46
25 29 1.17
25 59 4.42
27 35 3.93
27 53 3.22
27 55 2.57
28 30 1.35
28 56 1.48
32 35 2.45
32 38 2.92
32 46 2.88
34 37 1.2
34 47 3.29
35 48 4.27
35 53 2.09
37 44 3.93
37 56 2.68
38 51 4.29
40 48 2.63
40 59 1.14
42 53 2.7
42 54 1.25
45 46 3.31
46 48 1.25
