0 0
1 33.1625
2 25.375
3 27.1375
4 44.9875
5 37.175
6 31.9
7 33.0125
8 38.1375
9 19.5875
10 27.15
11 19.65
12 9.1
13 15.375
14 3.75
15 30.75
16 25.225
17 23.625
18 38.2625
19 11.85
20 39.85
21 15.375
22 15.2875
23 6.5375
24 20.575
25 26.1375
26 23.1875
27 15.375
28 24.65
29 33.6375
30 15.55
31 12.3625
32 26.125
33 20.9625
34 42.7375
35 19.875
36 17.9375
37 31.425
38 22.2125
39 35.1625
40 28.25
41 26.7
42 25.3875
43 8.8375
44 33.875
45 25.725
46 27.6625
47 39.65
48 22.6625
49 25.1375
50 19.175
51 24.325
52 16.625
53 18.1
54 23.1875
55 23.375
56 25.175
57 16.625
58 24.125
59 34.8875
