0 33.1625
1 0
2 24.7375
3 33.25
4 18.75
5 4.5
6 30.4
7 25.25
8 45.9625
9 42.7125
10 45.875
11 43.3
12 24.0625
13 20.675
14 32.3
15 27.1
16 30.2875
17 25.55
18 25.475
19 29.825
20 36.2
21 28.3125
22 37.2
23 29.5125
24 23.1125
25 36.575
26 29.3
27 26.3
28 43.375
29 44
30 38.525
31 45.525
32 17.9625
33 15.0875
34 54.6875
35 21.8
36 32.9
37 43.375
38 13.8375
39 21.5125
40 24.6
41 21.9125
42 31.5875
43 38.9125
44 51.375
45 17.9625
46 14.0125
47 58.375
48 19.0125
49 36.0625
50 13.9875
51 8.8375
52 21.925
53 24.3
54 36.7625
55 34.3
56 37.125
57 27.0625
58 40.7125
59 31.8875
