0 25.375
1 24.7375
2 0
3 36.5375
4 43.4875
5 29.2375
6 38.95
7 33.8
8 51.0875
9 44.9625
10 39.45
11 45.025
12 20.825
13 10
14 21.625
15 36.65
16 36.95
17 29.525
18 45.3125
19 24.8
20 45.75
21 28.325
22 27.5875
23 18.8375
24 33.525
25 39.0875
26 33.275
27 21.275
28 36.95
29 46.5875
30 27.85
31 37.7375
32 24.4375
33 15.5875
34 60.7625
35 25.775
36 29.6625
37 49.45
38 16.8375
39 35.8875
40 34.15
41 36.2875
42 31.3
43 34.2125
44 46.175
45 32.3375
46 28.3875
47 51.95
48 28.5625
49 11.5125
50 10.75
51 15.9
52 8.75
53 28
54 22.2875
55 13.275
56 43.2
57 29.575
58 26.2375
59 41.4375
