0 27.1375
1 33.25
2 36.5375
3 0
4 43
5 28.75
6 30.9125
7 25.7625
8 15.25
9 33.3375
10 24
11 24.975
12 36.2375
13 29.4375
14 23.3875
15 22.325
16 35.5125
17 7.7
18 37.275
19 19.475
20 25.0125
21 23
22 11.85
23 20.6
24 28.2
25 18.25
26 3.95
27 15.95
28 21.5
29 10.75
30 29.6125
31 32.2625
32 17.7
33 26.55
34 45.3125
35 11.45
36 42.8
37 34
38 25.3
39 26.7375
40 19.825
41 27.1375
42 21.2375
43 33.6
44 30.725
45 23.1875
46 19.2375
47 36.5
48 14.2375
49 25.025
50 35.45
51 30.3
52 30.6875
53 13.95
54 14.25
55 23.2625
56 27.75
57 24.25
58 10.3
59 27
