0 44.9875
1 18.75
2 43.4875
3 43
4 0
5 14.25
6 13.0875
7 18.2375
8 41.3125
9 25.4
10 28.5625
11 50.8625
12 42.8125
13 39.425
14 46.9625
15 36.85
16 40.0375
17 35.3
18 6.725
19 39.4
20 45.95
21 35.875
22 37.65
23 44.175
24 30.675
25 44.1375
26 39.05
27 36.05
28 26.0625
29 36.8125
30 35.1625
31 57.35
32 27.7125
33 33.8375
34 37.375
35 31.55
36 47.325
37 26.0625
38 32.5875
39 28.5375
40 34.35
41 31.6625
42 30.025
43 36.15
44 34.0625
45 25.525
46 23.7625
47 41.0625
48 28.7625
49 40.525
50 32.7375
51 27.5875
52 40.675
53 34.05
54 29.75
55 38.7625
56 19.8125
57 34.625
58 33.7
59 41.6375
