0 2 3.6
0 19 6.32
0 26 8.54
0 37 7
1 6 1.41
1 32 4.47
1 34 4.12
2 39 1.41
3 12 7.07
3 15 7.81
4 13 3.6
4 21 4
4 24 1.41
4 38 6
5 10 2.23
5 14 8.94
5 25 10.63
6 16 4.24
7 8 2.82
7 18 4
7 22 8.94
7 27 11.4
7 32 8.24
8 13 5.65
8 34 3.6
8 36 3
9 10 4.47
9 26 2
9 33 2.23
11 17 4.12
12 25 7.28
13 22 2.82
13 39 6.08
14 28 5
14 30 5.38
15 18 9.43
16 31 8
16 38 7.81
17 25 2.23
17 26 2.23
17 32 8.24
17 36 5.38
18 21 4.12
19 22 5.83
20 29 4.47
20 38 3
21 24 5.09
21 25 2.82
21 33 1
23 28 6.4
23 32 7.07
26 35 6.08
26 39 7.21
27 36 6.4
28 35 2.23
29 31 5.09
30 33 2.23
31 34 3
33 37 1
36 39 2
