0 15 8.6
0 23 9.48
0 58 5.83
1 30 6.08
1 50 6.7
1 51 2.23
2 11 9.05
2 13 3.16
2 56 6.08
3 9 3
3 18 6.7
3 49 9.48
4 36 7.61
4 41 3
5 9 9.05
5 34 7
5 49 1
6 8 3.16
6 24 3.6
6 46 8.06
7 24 6.4
7 25 7.07
7 31 5.38
7 32 4.24
7 48 4.12
7 54 6.32
8 13 5
8 25 2.82
9 26 7.07
9 27 9.21
10 13 2.82
10 28 7.07
10 35 5
11 23 9.21
11 38 3.16
11 56 3
12 45 3.16
12 49 5.38
13 20 3.6
13 31 2
14 20 5
14 30 5.38
14 52 5.83
15 25 2
15 32 7.21
15 39 1
16 17 3
16 55 3.6
17 50 2.23
18 47 3.6
19 45 3
19 51 5.09
20 28 2.23
21 28 4.12
21 59 6
22 29 5
22 43 5.38
24 29 8.24
24 30 8.06
24 32 2.23
25 54 1.41
25 55 6.7
26 37 6.08
26 54 4.12
27 34 7.61
27 56 6.32
29 38 5.09
31 58 1
32 39 6.7
32 53 5.38
33 48 10
33 53 3.16
34 50 5.83
35 47 4
36 43 5.09
37 39 2.23
38 59 5.38
39 51 7.81
40 42 6.7
40 44 7
40 52 7.21
41 46 5.38
42 57 1.41
44 52 4.12
45 47 2.23
47 55 5
48 57 7.81
49 54 4.24
55 58 5
56 57 4
