0 15 3.36
1 30 1.39
1 50 2.1
2 11 2.65
2 13 3.22
3 18 2.13
3 49 4.33
4 36 4.8
4 41 4.05
5 9 3.64
5 34 2.61
6 46 2.52
7 31 2.2
7 32 4.55
7 48 1.46
8 13 2.31
8 25 2.08
10 28 1.26
10 35 3.29
11 23 4.26
11 56 3.66
12 49 4.64
13 31 1.72
14 20 2.53
14 30 1.05
14 52 2.98
15 32 3.89
15 39 3.11
16 17 3.66
16 55 1.42
19 45 4.14
19 51 2.81
21 28 2.76
21 59 1.57
24 29 1.89
24 30 2.5
24 32 1.97
25 55 3.13
26 37 1.76
26 54 3.95
27 34 2.49
29 38 4.49
32 39 2.95
32 53 2.37
33 48 2.85
33 53 3.39
34 50 2.38
35 47 1.6
36 43 3.24
40 44 4.95
41 46 1.27
44 52 3.11
55 58 3.29
56 57 4.48
