0 0
1 24.55
2 14.9875
3 32.1625
4 41.275
5 21.5625
6 20.725
7 15.2625
8 16.775
9 29
10 14.5625
11 23.3625
12 26.525
13 11.0375
14 21.7875
15 10.75
16 18.0375
17 21.7875
18 24.2875
19 26.325
20 15.5375
21 23.475
22 39.1
23 11.85
24 22.55
25 13.25
26 20.1625
27 30.4875
28 18.325
29 32.85
30 28.5125
31 8.5375
32 19.7625
33 30.4375
34 30.3125
35 20.8125
36 50.7875
37 14.7875
38 27.3125
39 12
40 37.725
41 37.525
42 29.35
43 45.825
44 34.225
45 22.575
46 30.8
47 19.7875
48 20.4125
49 20.3125
50 24.575
51 21.7625
52 29.075
53 26.4875
54 15.0125
55 13.5375
56 22.5875
57 27.5875
58 7.2875
59 30.975
