0 24.55
1 0
2 29.025
3 28.5625
4 42.725
5 24.4125
6 22.175
7 25.1375
8 19.825
9 31.775
10 26.9375
11 36.825
12 16.85
13 25.075
14 14.325
15 13.8
16 14.9125
17 11.1625
18 20.1875
19 9.15
20 20.575
21 28.5125
22 34.225
23 36.4
24 17.675
25 16.3
26 22.9375
27 25.175
28 23.3625
29 27.975
30 7.6
31 26.9125
32 20.4625
33 31.1375
34 15.6625
35 20.6875
36 47.3125
37 15.3375
38 34.3375
39 12.55
40 30.625
41 38.975
42 39
43 40.95
44 26.7625
45 12.9
46 32.25
47 15.6875
48 30.2875
49 23.3625
50 8.375
51 2.7875
52 21.6125
53 27.1875
54 18.0625
55 19.4125
56 33.075
57 38.075
58 25.6625
59 36.0125
