0 14.9875
1 29.025
2 0
3 30.7625
4 34.7
5 22.0375
6 14.15
7 13.175
8 10.2
9 27.0125
10 7.475
11 11.3125
12 25.4625
13 3.95
14 14.7
15 16.225
16 18.45
17 22.2
18 23.225
19 25.2625
20 8.45
21 16.3875
22 27.875
23 22.825
24 18.65
25 13.725
26 20.6375
27 15.5
28 11.2375
29 21.625
30 21.425
31 6.45
32 18.475
33 29.15
34 25.0125
35 13.725
36 40.9625
37 20.2625
38 15.2625
39 17.475
40 22.7375
41 30.95
42 14.3625
43 34.6
44 27.1375
45 21.5125
46 24.225
47 18.725
48 18.325
49 20.7875
50 24.9875
51 27.2375
52 21.9875
53 25.2
54 15.4875
55 13.95
56 7.6
57 12.6
58 7.7
59 21.9875
