0 32.1625
1 28.5625
2 30.7625
3 0
4 46.9375
5 13.1
6 26.3875
7 25.05
8 22.4375
9 3.75
10 24.125
11 26.9125
12 18.575
13 27.65
14 38.4
15 21.4125
16 23.625
17 27.375
18 8.375
19 19.4125
20 32.15
21 38.1125
22 43.475
23 38.425
24 30.8875
25 18.9125
26 12.5875
27 15.2625
28 32.9625
29 37.225
30 36.1625
31 26.625
32 30.35
33 41.025
34 21.85
35 17.875
36 56.45
37 20.1875
38 30.8625
39 22.6625
40 38.3
41 43.1875
42 29.925
43 50.2
44 47.05
45 15.6625
46 36.4625
47 12.875
48 30.2
49 11.85
50 29.1375
51 25.775
52 45.6875
53 37.075
54 17.15
55 19.125
56 23.1625
57 28.1625
58 25.375
59 37.5875
