0 41.275
1 42.725
2 34.7
3 46.9375
4 0
5 36.3375
6 20.55
7 33.05
8 24.5
9 43.775
10 34.275
11 39.1625
12 41.8125
13 30.75
14 41.5
15 30.525
16 40.9
17 44.65
18 47.15
19 47.9
20 35.25
21 43.1875
22 22.6
23 50.675
24 25.05
25 28.025
26 34.9375
27 50.2
28 38.0375
29 28.85
30 35.125
31 33.25
32 27.8375
33 38.5125
34 45.0875
35 40.525
36 9.5125
37 34.5625
38 35.2125
39 31.775
40 57.4375
41 3.75
42 49.0625
43 15.875
44 53.9375
45 45.4375
46 10.475
47 42.65
48 38.2
49 35.0875
50 47.4375
51 41.5375
52 48.7875
53 34.5625
54 29.7875
55 36.4
56 42.3
57 47.3
58 34.5
59 41.9375
