0 3 4.12
0 5 5.38
0 16 1
0 28 1.41
1 23 5
1 27 2.82
1 32 1
2 6 6.32
2 24 8
2 38 6.08
3 4 4.47
3 16 4.47
3 19 4.47
3 31 3.16
4 26 5.65
4 33 5.38
4 37 6.7
5 17 3.6
6 26 5.83
6 30 2
7 9 9.89
7 24 8.54
7 25 7.07
7 34 6.32
8 15 8.06
8 27 7.07
8 34 2
9 23 3.6
10 21 6.4
10 25 5.09
10 28 8.94
11 16 6.08
11 26 2.23
11 39 5.65
12 27 5.09
12 31 1
12 33 5.65
13 22 2.23
13 39 4.47
14 35 6.4
14 37 1.41
15 29 3.16
16 33 6.7
17 18 8.6
17 32 6.08
18 22 3
18 36 2.23
19 22 3.16
19 35 4
20 25 7
20 36 3.16
21 26 2
21 28 3
24 25 9.84
29 32 1.41
29 38 3.6
30 34 8.06
30 38 5
31 35 1.41
38 39 3.16
