0 11 3.60555
0 14 6.08276
0 19 7.07107
0 31 6.32456
1 19 6.08276
1 39 2
2 7 2
2 34 7.07107
3 17 5.65685
3 23 4
4 30 7.28011
4 33 2.23607
5 15 7.07107
5 29 9.21954
5 32 9.89949
5 33 8.06226
6 26 10.8167
6 27 5
6 30 8
6 37 7
7 20 4.47214
8 14 6.08276
8 35 7.81025
9 31 7.81025
9 38 3
9 39 2
10 13 3
10 15 6
10 25 9.43398
10 29 9.21954
11 34 4.12311
11 38 2.23607
12 24 3.60555
12 37 6.40312
13 23 5.65685
13 26 5.38516
13 31 8.94427
15 17 7
15 21 5.09902
16 17 8.06226
16 32 7.07107
16 36 8.06226
17 32 10.6301
18 28 6.40312
18 38 4.24264
19 24 9.21954
20 27 4.12311
20 32 8.06226
21 33 6.40312
22 26 7.28011
22 38 5.65685
23 31 4
25 27 3
27 32 4
28 32 4.47214
28 33 4.12311
28 35 7.2111
29 32 1
31 36 6
32 33 3
