0 7 4.12
0 13 3.6
0 28 2.23
0 34 1.41
0 39 6.7
1 3 3.16
1 4 8.54
2 21 5.38
2 33 3.6
3 25 8.24
3 29 2.23
4 39 8
5 6 7.21
5 10 1.41
5 34 3.16
5 36 8.54
6 20 2.23
6 23 3.16
6 28 4.12
7 16 10
7 32 7.07
8 24 7.81
8 25 8.06
8 31 4.47
8 36 7.61
9 12 3.6
9 21 8.48
9 37 4.12
10 15 5
10 24 8.48
10 28 3.6
10 30 8
11 15 6.32
11 21 9.21
11 27 8.94
11 38 7.28
12 14 2.23
12 17 3.6
12 29 1.41
13 15 4
14 28 4.12
15 29 3.16
16 20 5.83
16 35 3.6
17 19 2.23
17 30 7.61
18 22 2.23
18 23 4.12
18 34 5
18 39 4
19 26 8.94
22 27 6.08
23 28 2.23
24 28 5
25 33 9.89
25 34 5.09
26 38 8.06
31 35 3
31 37 5.65
32 34 5
