0 33 1.41
0 51 9.21
0 78 6.32
1 46 8.06
1 65 5.09
1 67 9.43
2 20 5
2 22 2.23
2 28 4.47
3 53 6
3 67 7.21
4 53 2.82
4 64 6.4
4 79 2.82
5 10 6.08
5 23 5.65
5 28 4.47
5 54 6.32
5 69 3.16
6 8 9
6 39 5.65
7 63 9.21
7 73 7.81
8 76 3.6
9 41 11.4
9 47 7.61
9 57 10
10 41 4.47
11 30 7.07
11 35 6
11 38 5
12 14 6.4
12 16 9
12 52 5
13 17 6
13 50 9
13 59 5.09
14 56 2.23
15 18 5.38
15 24 5.09
15 61 2.23
16 27 11.4
16 30 7.61
16 36 5.38
17 19 3.16
17 69 5.65
18 27 10.29
18 64 5.65
18 70 2.82
19 77 1
20 44 7.61
21 71 2.82
21 74 7.21
22 29 2.82
22 34 3.6
23 39 2.23
23 46 7.07
23 47 6.4
24 27 9.21
24 31 7.07
24 48 9.21
25 59 8
25 70 7.28
26 28 5.38
26 64 8.24
27 68 8.06
28 59 2
29 31 3
29 33 3
30 35 1.41
30 41 4
30 60 5
31 56 2.82
32 37 5.09
32 45 1
32 51 9.43
32 55 3.6
32 59 7.07
33 55 5
34 59 4.24
34 63 7.21
35 68 1
36 63 7.61
36 74 9
37 57 6.4
37 63 7.07
38 73 1.41
39 55 4.24
39 65 4.47
39 74 5.83
40 54 7
40 56 6.4
40 60 9.43
42 49 6.32
42 66 3.16
42 73 4.12
43 49 8.06
43 53 7.07
44 58 5.38
45 65 6.32
45 66 5.09
45 71 5.83
47 60 3.6
48 77 8.48
49 73 2.23
50 63 9.21
50 69 8.06
52 67 2.23
52 71 3.16
53 72 5
57 68 7.28
58 65 6.08
60 69 6.32
61 79 2.23
62 72 5.38
62 75 8
63 65 2.23
67 75 2
70 78 7.81
72 76 2
