0 33 2.3
0 51 1
0 78 2.54
1 46 4.41
1 65 3.95
1 67 4.33
2 20 1.94
2 28 1.22
3 53 1.12
3 67 2.71
4 53 4.56
4 79 2.55
5 10 2.14
5 23 3.35
6 8 3.11
7 63 2.49
7 73 4.7
8 76 2.68
9 41 4.22
9 47 4.81
9 57 2.26
10 41 3.89
11 30 4.14
11 35 1.1
12 16 3.13
12 52 4.27
13 50 2.61
15 24 3.15
15 61 2.7
16 30 4.67
17 19 1.51
17 69 2.04
18 64 2.24
19 77 4.35
21 74 3.38
22 29 2.63
24 48 2.31
25 59 2.16
25 70 3.72
26 28 3.1
29 31 2.52
29 33 3.31
30 35 2
30 41 1.61
30 60 4.91
31 56 3.03
32 37 3.2
32 55 2.39
32 59 4.58
34 63 3.76
35 68 2.29
36 74 2.95
37 57 2.39
38 73 3.45
39 55 4.56
39 74 3.27
40 54 4.89
42 66 3.99
43 49 1.02
43 53 2.36
45 65 2.26
45 66 2.31
45 71 4.21
49 73 4.27
50 69 1.15
52 67 3.44
52 71 3.12
53 72 1.95
57 68 3.14
58 65 3.3
60 69 2.95
67 75 2.95
