0 0
1 0
2 0
3 0
4 0
5 0
6 0
7 9.03
8 7.81
9 0
10 6.55
11 5.74
12 0
13 0
14 6.88
15 0
16 0
17 5.58
18 0
19 6.17
20 0
21 0
22 8.21
23 0
24 0
25 9.65
26 0
27 0
28 0
29 0
30 0
31 0
32 8.73
33 6.69
34 1.43
35 3.07
36 3.52
37 9.11
38 0
39 7.44
40 7.14
41 8.11
42 9.42
43 6.64
44 0
45 1.83
46 2.89
47 8.34
48 0
49 3.45
50 4.72
51 4.92
52 4.99
53 7.07
54 7.28
55 0
56 1.07
57 8.84
58 8.18
59 0
60 0
61 0
62 1.39
63 0
64 0
65 0
66 6.09
67 2.89
68 0
69 0
70 4.26
71 4.71
72 0
73 7.74
74 4.32
75 0
76 0
77 0
78 6.46
79 0
