0 0
1 25.2625
2 11.825
3 36.8
4 33.5625
5 23
6 20.375
7 33.2
8 31.625
9 33.6125
10 30.6
11 37.2375
12 23.575
13 25.2
14 15.575
15 24.4625
16 34.825
17 32.7
18 21.1875
19 36.65
20 18.075
21 24.575
22 9.0375
23 16.1
24 18.1
25 26.7625
26 24.1375
27 29.6125
28 17.4125
29 5.5125
30 34.85
31 9.2625
32 12.5125
33 1.7625
34 13.5375
35 36.6125
36 31.2
37 18.875
38 30.9875
39 13.3125
40 20.7875
41 36.1875
42 24.075
43 42.05
44 27.5875
45 13.7625
46 24.9375
47 24.1
48 29.6125
49 31.975
50 33.2
51 11.5125
52 25
53 37.0875
54 29.5375
55 8.0125
56 12.7875
57 26.875
58 26.5
59 18.8375
60 28.6
61 27.25
62 40.2875
63 21.6875
64 28.25
65 18.9
66 20.125
67 27.7875
68 35.975
69 26.95
70 17.6625
71 21.05
72 38.625
73 29.225
74 20.6
75 30.2875
76 36.125
77 37.9
78 7.9
79 30.0375
