0 25.2625
1 0
2 25.45
3 20.8
4 31.825
5 21.8
6 19.0125
7 20.6625
8 30.2625
9 32.25
10 29.4
11 37.7375
12 20.825
13 29.825
14 28.825
15 40.925
16 25.3875
17 32.8125
18 46.0875
19 36.7625
20 30.2
21 22.05
22 22.6625
23 14.7375
24 38.775
25 33.4625
26 32.6875
27 39.6375
28 25.9625
29 26.1875
30 33.4875
31 29.9375
32 15.5125
33 23.5
34 18.1625
35 35.25
36 18.6625
37 17.9875
38 31.4875
39 11.95
40 38.45
41 34.9875
42 24.575
43 37.1375
44 20.6875
45 14.2625
46 10.075
47 22.7375
48 48.6125
49 32.475
50 20.6625
51 27.3
52 14.575
53 28.3
54 29.7
55 17.25
56 31.6125
57 25.9875
58 13.9625
59 23.4625
60 27.2375
61 38.1375
62 24.2875
63 9.15
64 39.825
65 6.3625
66 20.625
67 11.7875
68 35.0875
69 25.75
70 42.5625
71 18.525
72 31.0125
73 29.725
74 19.2375
75 14.2875
76 33.5125
77 38.0125
78 33.1625
79 35.35
