0 11.825
1 25.45
2 0
3 41.2125
4 30.6125
5 11.175
6 28.0875
7 27.8125
8 39.3375
9 35.75
10 18.775
11 38.1125
12 24.375
13 14.45
14 16.375
15 25.2625
16 32.5375
17 21.95
18 29.675
19 25.9
20 6.25
21 28.9875
22 2.7875
23 18.2375
24 18.9
25 18.0875
26 12.3125
27 30.4125
28 5.5875
29 6.3125
30 29.275
31 10.0625
32 16.925
33 10.0625
34 7.2875
35 31.0375
36 25.8125
37 23.2875
38 35.4
39 21.025
40 21.5875
41 24.3625
42 28.4875
43 42.975
44 15.7625
45 18.175
46 27.075
47 26.2375
48 30.4125
49 36.3875
50 25.2
51 23.3375
52 29.4125
53 34.1375
54 19.075
55 16.3125
56 13.5875
57 31.2875
58 22.4875
59 8.0875
60 23.025
61 28.05
62 44.7
63 16.3
64 22.6125
65 19.0875
66 24.5375
67 32.2
68 32.2875
69 15.125
70 27.1875
71 25.4625
72 40.3875
73 33.6375
74 28.3125
75 34.7
76 42.8875
77 27.15
78 19.725
79 30.8375
