0 36.8
1 20.8
2 41.2125
3 0
4 11.025
5 41.2125
6 32
7 38.9625
8 20.75
9 51.15
10 48.8125
11 37.2125
12 18.05
13 39.4875
14 26.05
15 20.125
16 29.3
17 46.9875
18 26.0875
19 49.85
20 47.4625
21 19.275
22 39.6375
23 35.5375
24 26.4875
25 38.7125
26 29.325
27 38
28 35.625
29 36.1125
30 38.8125
31 32.3625
32 24.2875
33 35.0375
34 38.425
35 40.575
36 36.025
37 30.65
38 30.9625
39 32.75
40 36.8375
41 43.8125
42 33.35
43 16.3375
44 41.4875
45 23.0375
46 30.875
47 43.5375
48 38
49 26.4125
50 41.4625
51 36.075
52 11.8
53 7.5
54 45.5875
55 28.7875
56 28.8375
57 38.65
58 34.7625
59 33.125
60 45.0625
61 17.3375
62 20.475
63 29.95
64 19.025
65 27.1625
66 29.4
67 9.0125
68 41.825
69 45.1625
70 29.6125
71 15.75
72 13.75
73 29.2
74 28.2875
75 11.5125
76 16.25
77 48.6
78 39.375
79 14.55
