0 33.5625
1 31.825
2 30.6125
3 11.025
4 0
5 30.6125
6 28.025
7 34.9875
8 16.775
9 55.1875
10 38.2125
11 33.2375
12 29.075
13 33.8875
14 30.6125
15 9.1
16 40.325
17 41.3875
18 15.0625
19 38.825
20 36.8625
21 30.3
22 31.575
23 37.675
24 15.4625
25 27.6875
26 18.3
27 26.975
28 25.025
29 28.05
30 40.0625
31 24.3
32 35.3125
33 31.8
34 32.825
35 38.3
36 47.05
37 41.675
38 26.9875
39 35.0875
40 35.825
41 43.8
42 30.3375
43 12.3625
44 46.375
45 34.0625
46 41.9
47 45.675
48 26.975
49 22.4375
50 44.6375
51 45.075
52 22.825
53 3.525
54 38.5125
55 38.05
56 27.825
57 46.15
58 45.7875
59 27.525
60 42.4625
61 6.3125
62 16.5
63 40.975
64 8
65 38.1875
66 34.2875
67 20.0375
68 37.05
69 34.5625
70 18.5875
71 26.775
72 9.775
73 25.225
74 39.3125
75 22.5375
76 12.275
77 37.575
78 28.35
79 3.525
