0 16 4.47214
0 21 5
0 40 4.24264
0 41 7.81025
1 18 8.06226
1 38 3
2 33 2.23607
2 47 3.60555
3 6 3
3 20 6.40312
3 23 5.38516
3 24 5
4 26 1
4 41 3
5 16 8.06226
5 31 7.2111
5 38 6.40312
6 37 2.23607
6 41 5
6 45 1.41421
7 19 4
7 28 1.41421
7 29 5.09902
7 52 6
8 43 5.83095
8 46 5.65685
9 27 5.09902
9 32 4
10 44 1.41421
10 56 1
11 45 6
11 50 7.61577
11 51 8.544
11 53 8.24621
12 53 4.12311
12 55 4.24264
13 33 4.12311
13 45 6.7082
13 46 8.06226
14 20 4.12311
14 31 4.47214
14 46 1
15 48 2.23607
15 50 7.07107
17 51 3.16228
17 57 4.12311
17 58 4.47214
18 56 7.2111
19 23 9.05539
19 59 3.16228
20 25 2.23607
20 58 7.28011
21 22 4.47214
21 27 6.7082
22 43 6.40312
22 56 2.23607
23 31 7.28011
23 55 3.60555
24 35 4.12311
25 32 1
25 44 4
26 35 5.83095
26 51 4
28 29 4
28 40 3.16228
28 51 9.21954
30 46 6.40312
30 48 8.94427
30 52 3
32 45 5.83095
34 37 4.24264
34 47 2.23607
35 42 4.24264
35 56 2.23607
36 49 3.16228
36 54 5.83095
37 45 1
38 54 7.07107
39 42 10.2956
39 54 9.21954
42 50 8.06226
42 59 5
43 54 2
44 49 1
48 49 7.28011
48 58 1.41421
52 57 1.41421
53 58 4.12311
53 59 5.09902
58 59 6.40312
