0 16 3.93
0 21 4.58
0 40 3.28
1 18 3.29
1 38 4.38
2 33 1.24
2 47 3.58
3 6 3.31
3 20 1.04
3 23 1.33
3 24 2.43
4 26 2.18
4 41 4.54
5 16 3.44
5 31 4.96
6 41 2.07
7 19 1.67
7 29 3.68
7 52 1.9
8 43 3.09
8 46 3.62
9 27 2.68
9 32 3.81
10 44 1.12
11 45 2.33
11 50 2.74
11 51 2.23
12 53 3.62
12 55 4.82
13 33 2.03
13 45 2.21
13 46 2.01
14 31 4.47
14 46 1.53
15 50 1.36
17 51 2.13
17 58 2.26
19 59 3.25
20 25 2.13
21 27 1.92
23 55 3.55
24 35 2.79
25 32 1.7
25 44 4.5
26 35 1.99
28 51 1.69
30 46 1.89
30 48 2.97
30 52 3.51
34 37 2.94
35 42 2.44
35 56 2.47
36 49 3.03
36 54 2.17
38 54 3.2
39 42 3.16
39 54 3.54
42 50 1.87
42 59 1.72
48 58 1.98
52 57 4.83
58 59 1.15
