0 0
1 27.4219
2 31.4132
3 19.7628
4 13.5128
5 15.668
6 16.0128
7 11.0239
8 27.1328
9 21.009
10 15.8853
11 25.2806
12 31.5044
13 26.1658
14 30.272
15 30.7982
16 5.59017
17 23.7157
18 23.6491
19 16.0239
20 25.4481
21 6.25
22 11.8402
23 26.4943
24 22.5842
25 22.653
26 14.7628
27 14.6353
28 9.25615
29 14.2561
30 22.2739
31 24.6819
32 23.903
33 31.3197
34 24.1112
35 17.4303
36 22.8559
37 18.8079
38 23.6719
39 33.8685
40 5.3033
41 9.76281
42 22.7336
43 19.8441
44 17.653
45 17.7806
46 30.2778
47 26.9063
48 28.0032
49 18.903
50 32.8115
51 19.7628
52 18.5239
53 26.3505
54 22.3441
55 31.0012
56 14.6353
57 20.2917
58 27.9807
59 19.9768
