0 27.4219
1 0
2 45.6347
3 33.2907
4 30.4255
5 11.7539
6 37.0407
7 38.4458
8 22.3775
9 33.3595
10 20.3417
11 43.1482
12 39.6782
13 37.6858
14 26.358
15 35.2547
16 21.8317
17 38.1283
18 10.0778
19 37.3929
20 29.9046
21 27.477
22 21.8868
23 29.8679
24 27.0407
25 27.1095
26 29.1755
27 35.8622
28 36.678
29 41.678
30 35.6119
31 20.7678
32 28.3595
33 42.8397
34 42.2015
35 21.8868
36 19.8775
37 36.8982
38 3.75
39 24.1133
40 32.7252
41 34.1755
42 27.1901
43 15.0888
44 22.1095
45 35.6482
46 27.608
47 44.9965
48 32.4596
49 23.3595
50 37.2679
51 34.1755
52 39.3619
53 39.3813
54 12.5888
55 34.3749
56 19.0917
57 41.1296
58 34.2274
59 33.4401
