0 31.4132
1 45.6347
2 0
3 19.1504
4 25.4004
5 33.8808
6 15.4004
7 37.2807
8 25.0979
9 26.144
10 29.1618
11 21.3553
12 35.6921
13 7.94897
14 19.2768
15 38.0937
16 37.0034
17 35.6033
18 39.4257
19 37.2011
20 24.4307
21 37.6632
22 33.2069
23 25.8819
24 25.4004
25 22.394
26 26.6504
27 32.5178
28 39.0485
29 43.6545
30 26.0307
31 24.867
32 21.144
33 2.79508
34 7.30202
35 30.5543
36 32.5969
37 12.6053
38 41.8847
39 46.411
40 36.7165
41 21.6504
42 35.8576
43 32.3865
44 27.394
45 13.8553
46 18.0268
47 4.50694
48 35.2986
49 28.644
50 30.875
51 31.6504
52 29.7807
53 31.6631
54 34.8865
55 30.3888
56 30.4118
57 31.5485
58 33.5308
59 38.0369
