0 19.7628
1 33.2907
2 19.1504
3 0
4 13.75
5 24.8455
6 3.75
7 23.0507
8 21.4789
9 17.049
10 15.449
11 13.0178
12 16.5417
13 13.903
14 13.1578
15 21.6669
16 25.353
17 22.6942
18 23.2128
19 18.0507
20 8.00391
21 22.5842
22 16.9941
23 6.73146
24 6.25
25 10.799
26 15
27 23.4228
28 24.8185
29 29.4245
30 22.4117
31 15.8316
32 12.049
33 19.0569
34 11.8484
35 11.4039
36 21.0018
37 6.54508
38 32.8494
39 29.5767
40 25.0661
41 10
42 16.7072
43 24.998
44 15.799
45 5.51777
46 14.4078
47 14.6435
48 18.8718
49 17.049
50 22.5375
51 20
52 26.1617
53 21.6956
54 27.498
55 11.2384
56 14.199
57 27.8481
58 17.104
59 22.0035
