0 13.5128
1 30.4255
2 25.4004
3 13.75
4 0
5 29.1808
6 10
7 19.5422
8 29.4215
9 24.0565
10 12.5838
11 16.93
12 26.1008
13 20.153
14 26.9078
15 20.3559
16 19.103
17 10.2028
18 20.3477
19 24.0448
20 21.7539
21 19.719
22 14.1289
23 20.4815
24 13.6926
25 19.3515
26 1.25
27 28.1043
28 17.7744
29 22.7744
30 20.8745
31 29.5816
32 19.0565
33 25.3069
34 18.0984
35 8.53869
36 19.5544
37 12.7951
38 33.4716
39 26.7115
40 18.8161
41 3.75
42 13.842
43 22.1328
44 14.3515
45 11.7678
46 28.1578
47 20.8935
48 17.5608
49 15.6015
50 23.9198
51 6.25
52 17.1245
53 20.9469
54 24.6328
55 24.9884
56 11.3338
57 15.3567
58 15.793
59 20.092
