0 26 4.12
0 38 6
0 73 8.94
0 76 11.31
1 7 3.6
1 24 4
1 44 5.09
2 32 5.83
2 76 7.81
3 36 5
3 52 8.6
3 56 5.09
3 63 3.16
4 45 5
4 48 6
4 52 3.6
4 68 6.08
5 8 5.83
5 15 1
5 76 7.07
6 34 5
6 66 2.23
6 69 3.6
7 10 2.23
7 30 1.41
8 10 3.6
8 44 4.12
9 34 10
9 45 3.6
9 57 8.94
11 18 8.94
11 21 2.23
11 74 8.54
12 21 7.21
12 37 1.41
12 43 9.05
13 45 1
13 49 5.65
14 23 5.38
14 50 7.28
14 53 1.41
14 58 9.84
14 62 5.09
14 68 4
15 28 2
16 22 1.41
16 71 3.16
17 49 4.12
17 52 3.16
17 70 10
18 51 5
18 67 7
18 75 7.61
19 60 8.54
19 62 4.24
19 63 7.61
20 22 4.12
20 45 5.09
20 58 4.12
21 30 1
21 61 6.32
21 78 2.82
23 77 2
24 67 5.83
25 39 3
25 42 9.05
26 31 8.54
27 59 5.38
27 66 4
27 72 2
28 40 1
28 54 8.6
28 59 4.47
29 78 1
30 32 6.7
30 34 6.32
30 42 6.08
31 33 2.82
31 39 8.94
31 51 1
31 56 3
32 33 3.6
32 71 10.81
33 65 2.23
33 73 5.09
34 37 7.28
35 38 7.28
35 59 9.05
36 74 3
38 60 3.16
39 63 6.7
40 41 3.16
40 44 5.38
40 75 2.82
41 50 8.48
41 69 7.07
42 76 5
43 69 6.7
46 48 3
46 50 5.38
47 53 8.48
47 59 11.4
49 65 1
50 69 1.41
50 74 8.06
52 68 4.24
53 79 7.21
54 56 4.47
55 58 4.12
55 78 3.16
56 64 2
57 79 2.23
61 62 5.09
61 77 4.12
62 64 2
65 75 6.08
65 78 3.16
69 76 10
70 75 4.12
71 72 2.82
