0 26 4.59
0 76 4.82
2 76 2.41
3 56 3.19
4 48 4.99
4 52 2.3
4 68 1.02
5 15 3.47
5 76 4.35
6 34 2.33
7 10 3.14
8 10 3.88
9 34 3.33
9 57 2.38
11 18 1.51
11 74 3.65
12 21 3.12
12 37 4.31
13 45 2.72
14 23 2.48
14 58 4.73
14 62 1.27
14 68 3.49
17 49 2.65
17 52 3.32
18 67 3.62
18 75 2.32
19 60 4.89
19 62 2.67
20 45 2.67
20 58 2.79
23 77 4.04
25 42 1.05
27 59 2.76
27 66 4.7
27 72 4.02
28 40 2.19
28 59 3.27
30 32 4.62
30 34 4
30 42 4.87
31 39 1.78
31 51 2.1
32 33 1.14
33 73 1.99
34 37 4.84
35 38 2.24
40 44 1
40 75 3
42 76 3.19
43 69 4.35
46 48 4.54
49 65 1.01
50 69 1.84
50 74 2.36
54 56 3.03
55 58 2.96
56 64 4.01
57 79 2.27
71 72 1.98
