0 0
1 34.25
2 23.9
3 25.9375
4 35.175
5 22.975
6 31.1375
7 29.75
8 30.2625
9 34.3875
10 32.5375
11 30.5875
12 36.8125
13 28.6375
14 30.9375
15 24.225
16 39.5
17 26.725
18 23.325
19 22.125
20 36.25
21 27.8
22 41.2625
23 37.6625
24 39.25
25 30.75
26 5.15
27 34.6375
28 26.725
29 25.525
30 27.9875
31 15.825
32 22.0375
33 17.5375
34 35.8875
35 16.6
36 32.1875
37 38.575
38 7.5
39 27
40 27.975
41 31.925
42 20.3875
43 35.0125
44 34.7
45 29.8875
46 35.125
47 42.1625
48 38.875
49 21.575
50 28.4
51 17.075
52 30.675
53 32.7
54 25.1625
55 28.225
56 19.575
57 44.5
58 33.375
59 27.9125
60 11.45
61 30.9375
62 24.575
63 29.8875
64 22.075
65 20.325
66 33.925
67 32.075
68 35.9375
69 26.6375
70 33.075
71 35.55
72 37.1375
73 11.175
74 35.9375
75 27.925
76 14.1375
77 36.0875
78 24.275
79 41.7125
