0 34.25
1 0
2 21.925
3 30.975
4 29.8375
5 18.0875
6 20.4125
7 4.5
8 11.5125
9 26.6625
10 7.2875
11 10.3
12 16.525
13 23.3
14 28.1375
15 16.8375
16 32.1
17 21.3875
18 21.0375
19 27.075
20 25.2875
21 7.5125
22 30.4375
23 23.0625
24 5
25 25.175
26 31.975
27 26.65
28 14.3375
29 12.2875
30 6.2625
31 21.3
32 14.6375
33 17.775
34 14.1625
35 31.2375
36 24.725
37 18.2875
38 40.3375
39 28.925
40 13.0875
41 17.0375
42 13.8625
43 27.8375
44 6.3625
45 24.55
46 33.4
47 34.175
48 37.15
49 16.2375
50 26.675
51 22.55
52 25.3375
53 29.9
54 25.0875
55 14.9875
56 25.05
57 37.8375
58 20.1375
59 19.925
60 37.75
61 15.4125
62 21.775
63 34.925
64 24.275
65 14.9875
66 23.2
67 12.2875
68 30.6375
69 24.9125
70 21.7625
71 28.15
72 29.15
73 24.1375
74 20.975
75 16.6125
76 20.1125
77 20.5625
78 11.0375
79 38.9125
