0 23.9
1 21.925
2 0
3 25.425
4 29.425
5 18.6
6 26.7625
7 17.425
8 24.7125
9 28.6375
10 20.2125
11 19.7
12 25.925
13 22.8875
14 30.425
15 19.85
16 24.75
17 20.975
18 22.8125
19 29.3625
20 30.5
21 16.9125
22 26.5125
23 32.4625
24 26.925
25 27.325
26 25.9875
27 26.825
28 22.35
29 19.775
30 15.6625
31 15.3125
32 7.2875
33 11.7875
34 23.5625
35 39.25
36 31.675
37 27.6875
38 31.4
39 26.4875
40 23.6
41 27.55
42 16.0125
43 30.6375
44 28.2875
45 24.1375
46 30.75
47 42.1875
48 34.5
49 15.825
50 24.025
51 16.5625
52 24.925
53 32.1875
54 24.65
55 22.475
56 19.0625
57 39.8125
58 27.625
59 27.9375
60 35.35
61 24.8125
62 24.0625
63 29.375
64 21.5625
65 14.575
66 29.55
67 31.5625
68 30.225
69 22.2625
70 27.325
71 20.8
72 24.325
73 18.15
74 30.375
75 22.175
76 9.7625
77 29.9625
78 18.525
79 41.2
