0 25.9375
1 30.975
2 25.425
3 0
4 15.25
5 26.45
6 26.3375
7 26.475
8 33.7375
9 26
10 29.2625
11 20.675
12 32.475
13 22.75
14 17.725
15 25.2
16 34.775
17 14.7
18 17.6125
19 13.4625
20 27.8625
21 23.4625
22 33.0125
23 24.45
24 33.65
25 16.075
26 20.7875
27 34.125
28 22.7
29 21.625
30 24.7125
31 10.1125
32 18.1375
33 13.6375
34 32.5875
35 37.1875
36 6.25
37 34.2375
38 28.0875
39 12.325
40 23.95
41 27.9
42 27.3875
43 30.2125
44 30.675
45 21.5
46 26.5
47 30.0875
48 22.75
49 17.675
50 20.075
51 11.3625
52 10.75
53 19.4875
54 11.95
55 24.325
56 6.3625
57 31.2875
58 29.475
59 28.2875
60 24.1375
61 17.725
62 11.3625
63 3.95
64 8.8625
65 16.425
66 29.125
67 26.3625
68 16.05
69 21.8375
70 27.2
71 31.65
72 35.175
73 20
74 10
75 24.025
76 33.6375
77 22.875
78 20.375
79 28.5
