0 35.175
1 29.8375
2 29.425
3 15.25
4 0
5 30.975
6 24.2375
7 25.3375
8 32.625
9 10.75
10 28.125
11 25.1125
12 31.3375
13 7.5
14 12.6
15 29.725
16 19.525
17 8.45
18 28.6625
19 24.2625
20 12.6125
21 22.325
22 17.7625
23 19.325
24 34.8375
25 31.325
26 31.8375
27 29.5
28 27.225
29 20.05
30 23.575
31 21.1625
32 22.1375
33 17.6375
34 23.25
35 44.125
36 21.5
37 32.35
38 38.8875
39 27.575
40 25.975
41 28.575
42 31.175
43 28.1125
44 32.7
45 6.25
46 11.25
47 24.9625
48 7.5
49 13.6
50 17.975
51 22.4125
52 4.5
53 14.3625
54 27.2
55 22.75
56 21.6125
57 21.925
58 17.7625
59 32.8125
60 34.9375
61 25.325
62 18.9625
63 19.2
64 21.4625
65 14.85
66 27.025
67 37.4125
68 7.6
69 19.7375
70 20.95
71 23.475
72 27
73 24
74 25.25
75 22.45
76 32.2375
77 21.825
78 18.8
79 23.375
