0 4 4.47
0 6 5
0 13 7.07
0 15 5
0 28 3.6
0 55 4.12
1 2 5.38
1 11 4.47
2 37 6.4
2 49 3
3 19 3.16
3 78 7.21
4 15 5
4 61 7.07
5 8 3.16
5 50 2.82
5 51 4.12
6 13 12.04
6 20 2
6 30 6.4
6 54 4.24
6 75 7.21
7 30 5
7 32 5.83
7 52 1
7 68 3.16
8 44 7.81
8 58 2.23
8 60 5.09
8 66 3.6
9 10 2.23
9 13 7.61
9 67 4.47
10 21 3.16
10 62 9.21
10 70 3.6
11 45 5.65
12 23 5.83
12 25 5.38
12 29 8.06
13 45 8.06
13 67 11.4
14 44 9.21
14 74 7.28
16 26 5.09
16 27 2.23
16 28 4.12
16 29 5.09
17 56 7.21
17 64 4.12
18 37 4.12
18 41 2.23
18 65 2
19 28 8.54
19 33 7.61
19 35 6.4
19 53 6.32
19 62 2
20 25 7.28
20 50 5
20 55 8.24
20 70 2.23
21 64 9.05
22 61 4.24
22 77 4.47
23 27 1.41
24 41 5.09
24 47 3.16
25 30 3.16
25 60 4
26 79 6.4
27 41 4.47
28 36 7.21
28 51 5.83
28 71 7.07
29 50 3.16
31 48 2.23
31 72 5.09
32 63 4.24
32 68 6
32 70 5
33 62 7.07
34 49 1.41
34 56 6.08
34 65 9.21
35 39 3.16
35 45 4
35 49 2
36 71 1.41
36 78 5
37 47 8.48
38 40 7.07
38 76 7.21
39 74 3.16
40 57 10.81
40 62 11.4
41 42 8.24
42 60 10.63
42 68 4
43 46 9.21
43 58 3.6
43 77 1.41
44 67 2.23
44 70 5
46 55 7.07
46 75 7.07
48 51 7.28
50 71 2.23
52 67 1.41
53 59 7.81
53 68 8.06
54 76 3
54 79 6
57 67 9
57 72 1.41
59 73 5
63 66 7.07
69 70 6.7
69 73 5.38
75 77 4.12
