0 0
1 0
2 0
3 0
4 0
5 0
6 3.17
7 0
8 0
9 0
10 3.86
11 4.88
12 0
13 6.73
14 0
15 5.78
16 0
17 0
18 3.82
19 0
20 1.07
21 0
22 2.82
23 0
24 2.13
25 9.26
26 0
27 0
28 4.7
29 4.33
30 0
31 0
32 0
33 0
34 1.58
35 0
36 0
37 7.98
38 0
39 3.71
40 2.92
41 0
42 6.96
43 2.72
44 5.29
45 0
46 7.77
47 0
48 0
49 7.56
50 5.75
51 0
52 8.48
53 7.91
54 4.1
55 0
56 0
57 0
58 0
59 5.89
60 4.04
61 7.2
62 3.35
63 0
64 2.24
65 9.18
66 4.66
67 0
68 8.17
69 0
70 5.41
71 0
72 6.41
73 7.33
74 0
75 3.84
76 1.34
77 6.16
78 0
79 1.97
