0 6 3.26
0 28 2.29
0 55 3.81
3 19 3.3
4 15 1.19
5 8 4.96
6 13 1.14
6 20 3.31
6 54 4.98
7 30 2
7 32 3.47
7 52 1.01
7 68 1.91
8 44 1.07
8 66 2.14
9 10 4.92
10 62 1.7
10 70 4.37
11 45 1.14
12 23 3.86
12 25 4
12 29 4.02
13 67 2.94
14 74 1.09
16 27 1.05
16 28 2.32
16 29 4.58
17 56 1.81
18 37 4.28
18 41 4.05
18 65 3.64
19 28 2.95
19 33 2.15
20 25 4.38
20 55 2.99
21 64 3.49
22 61 2.03
22 77 3.37
24 41 3.65
24 47 3.26
25 30 2.98
25 60 2.25
26 79 3.29
27 41 3.15
28 36 3.74
28 51 2.14
29 50 3.86
31 48 3.71
31 72 2.71
32 70 3.05
34 49 4.56
34 56 2.79
35 39 3.95
35 49 2.17
37 47 1.52
39 74 3.83
40 57 2.47
40 62 3.01
44 70 3.51
46 55 3.05
46 75 4.72
48 51 1.54
50 71 3.79
52 67 3.8
53 59 2.31
53 68 2.04
54 79 2.64
57 67 1.94
57 72 2.23
59 73 5
69 70 3.92
75 77 3.16
