0 0
1 31.5625
2 29.425
3 19.125
4 5.5875
5 16.9375
6 6.25
7 20.5
8 20.8875
9 18.35
10 16.0375
11 25.975
12 21.4875
13 8.8375
14 29.3
15 6.25
16 9.65
17 36.45
18 20.8125
19 15.175
20 8.75
21 19.9875
22 19.725
23 14.2
24 24.3875
25 17.85
26 16.0125
27 12.4375
28 4.5
29 16.0125
30 14.25
31 23.675
32 17.7875
33 24.6875
34 27.4375
35 23.175
36 13.5125
37 25.9625
38 24.3125
39 27.125
40 31.925
41 18.025
42 28.325
43 22.175
44 17.7875
45 18.9125
46 13.9875
47 28.3375
48 20.8875
49 25.675
50 15
51 11.7875
52 21.75
53 23.075
54 11.55
55 5.15
56 35.0375
57 31.8
58 23.675
59 32.8375
60 22.85
61 14.425
62 17.675
63 23.0875
64 31.3
65 23.3125
66 25.3875
67 20.575
68 24.45
69 19.9125
70 11.5375
71 13.3375
72 30.0375
73 26.6375
74 31.075
75 15.2625
76 15.3
77 20.4125
78 19.7625
79 19.05
