0 31.5625
1 0
2 6.725
3 24.925
4 37.15
5 44.0875
6 37.775
7 39.9875
8 48.0375
9 32.2375
10 34.9875
11 5.5875
12 37.3
13 22.725
14 29.975
15 37.8125
16 31.0375
17 28.85
18 19.875
19 20.975
20 40.275
21 38.9375
22 51.2875
23 30.0125
24 29.025
25 44.025
26 37.4
27 28.25
28 31.65
29 37.4
30 45.775
31 50.825
32 45.4625
33 30.4875
34 12.2375
35 12.975
36 40.1875
37 14.725
38 46.5625
39 16.925
40 37.725
41 22.6625
42 32.9625
43 53.7
44 39.7625
45 12.65
46 45.55
47 25.325
48 48.0375
49 10.475
50 41.35
51 38.9375
52 38.7375
53 28.875
54 43.075
55 36.7125
56 19.8375
57 48.225
58 50.825
59 38.6375
60 46.25
61 45.9875
62 23.475
63 50.7625
64 34
65 22.375
66 52.5375
67 36.975
68 37.9625
69 47.8625
70 39.4875
71 40.4875
72 49.9875
73 44.8875
74 20.875
75 46.7875
76 46.825
77 51.9375
78 33.9375
79 45.4
