0 29.425
1 6.725
2 0
3 18.2
4 35.0125
5 37.3625
6 35.675
7 35.1875
8 41.3125
9 30.8375
10 28.2625
11 12.3125
12 30.575
13 21.325
14 23.25
15 35.675
16 24.3125
17 22.125
18 13.15
19 14.25
20 35.55
21 32.2125
22 49.15
23 23.2875
24 22.3
25 37.3
26 30.675
27 21.525
28 24.925
29 30.675
30 41.25
31 44.1
32 38.7375
33 23.7625
34 5.5125
35 6.25
36 33.4625
37 8
38 39.8375
39 10.2
40 31
41 15.9375
42 26.2375
43 48.6
44 34.7625
45 11.25
46 43.4125
47 18.6
48 41.3125
49 3.75
50 34.625
51 32.2125
52 36.4375
53 22.15
54 40.975
55 34.575
56 13.1125
57 44.5125
58 44.1
59 31.9125
60 39.525
61 43.85
62 16.75
63 44.0375
64 27.275
65 15.65
66 45.8125
67 35.575
68 31.2375
69 41.1375
70 32.7625
71 33.7625
72 46.275
73 38.1625
74 14.15
75 44.6875
76 44.725
77 49.8375
78 27.2125
79 38.675
