0 19.125
1 24.925
2 18.2
3 0
4 24.7125
5 23.3375
6 25.375
7 25.875
8 27.2875
9 20.75
10 17.9625
11 24.0125
12 31.6125
13 27.025
14 28.95
15 25.375
16 19.775
17 32.825
18 30.225
19 3.95
20 25.25
21 21.9125
22 38.85
23 24.325
24 34.5125
25 34.35
26 26.1375
27 22.5625
28 14.625
29 23.7625
30 32.125
31 33.8
32 28.7125
33 13.4625
34 16.2125
35 11.95
36 15.2625
37 26.2
38 29.5375
39 15.9
40 20.7
41 28.15
42 26.925
43 34.575
44 28.7125
45 16.95
46 33.1125
47 36.8
48 31.0125
49 14.45
50 19.8125
51 21.9125
52 27.125
53 11.85
54 30.675
55 24.275
56 23.8125
57 34.2125
58 30.075
59 21.6125
60 33.65
61 33.55
62 6.45
63 34.0125
64 33.225
65 27.725
66 31.7875
67 26.3375
68 21.925
69 30.8375
70 22.4625
71 17.025
72 35.975
73 27.8625
74 19.85
75 34.3875
76 34.425
77 36.3375
78 9.0125
79 34.1375
