0 5.5875
1 37.15
2 35.0125
3 24.7125
4 0
5 22.525
6 11.8375
7 26.0875
8 26.475
9 23.9375
10 21.625
11 31.5625
12 27.075
13 14.425
14 34.8875
15 6.25
16 15.2375
17 42.0375
18 26.4
19 20.7625
20 14.3375
21 25.575
22 14.1375
23 19.7875
24 29.975
25 23.4375
26 21.6
27 18.025
28 10.0875
29 21.6
30 19.8375
31 29.2625
32 23.375
33 30.275
34 33.025
35 28.7625
36 19.1
37 31.55
38 29.9
39 32.7125
40 37.5125
41 23.6125
42 33.9125
43 21.4875
44 23.375
45 24.5
46 19.575
47 33.925
48 26.475
49 31.2625
50 20.5875
51 17.375
52 27.3375
53 28.6625
54 17.1375
55 10.7375
56 40.625
57 37.3875
58 25.9875
59 38.425
60 28.4375
61 8.8375
62 23.2625
63 28.675
64 36.8875
65 28.9
66 30.975
67 26.1625
68 30.0375
69 25.5
70 17.125
71 18.925
72 35.625
73 32.225
74 36.6625
75 20.85
76 20.8875
77 19.725
78 25.35
79 24.6375
