0 29 5.65685
0 33 4.12311
0 39 2.23607
1 4 4.47214
1 23 1.41421
1 51 7.81025
1 56 7.28011
2 37 3.60555
2 41 10.8167
2 56 3
3 39 6.08276
3 44 6.32456
3 51 1.41421
4 6 6.32456
5 15 1.41421
5 27 2.23607
5 52 5.38516
6 56 5.38516
7 28 3.60555
7 39 2.23607
7 43 3.16228
8 26 1.41421
8 34 5.65685
8 51 6.08276
9 25 1.41421
9 32 8.94427
9 53 5.65685
9 58 2.23607
10 18 8.06226
10 21 6.40312
11 19 5.83095
11 28 4.47214
11 45 6.32456
11 54 4.12311
12 15 5.38516
12 28 6.7082
12 46 7
13 20 6.40312
13 36 2.82843
14 22 8.24621
14 30 7.07107
14 38 2.23607
14 40 5.65685
14 43 5.38516
14 57 10
16 47 3.60555
16 50 5.38516
17 29 7.2111
17 45 2.23607
17 53 1
18 23 5.38516
18 40 6.08276
19 41 10.6301
19 53 3.16228
20 26 4.24264
21 24 5.65685
21 44 7.61577
22 38 9
22 44 3
22 47 4.12311
24 29 1.41421
24 32 10.8167
25 36 7.28011
25 44 8.06226
26 35 7.61577
27 35 1
27 48 1
28 36 5
29 47 2.82843
29 50 3.16228
30 43 6.40312
30 52 6.08276
31 56 1.41421
31 59 8.06226
32 57 12.7279
33 40 7.07107
34 46 4.47214
34 53 5.09902
34 55 3.60555
35 42 8.94427
37 48 2.23607
38 58 4.47214
40 42 4.47214
42 46 4
42 58 1
45 49 9
46 52 2.23607
49 50 5.83095
54 58 3.16228
55 59 3
