0 29 3.8
0 33 3.33
0 39 2.64
1 4 2.82
1 23 4.89
1 51 2.38
1 56 4.26
2 37 1.63
5 15 1.93
5 27 1.3
5 52 3.12
6 56 4.71
7 28 3.36
7 43 2.72
8 26 1.59
9 25 3.14
9 32 2.6
9 53 4.13
10 18 4.64
10 21 2.69
11 19 1.3
11 28 1.22
11 45 3.84
12 15 1.95
12 28 1.05
13 36 1.92
14 22 3.51
14 30 2.45
14 57 2.97
16 50 2.14
17 45 3.17
18 23 1.82
18 40 4
19 41 4.59
19 53 4.5
21 24 1.18
21 44 4.57
22 38 2.64
22 44 4.52
24 29 3.69
25 36 4.24
25 44 4.72
26 35 4.74
27 35 1.55
27 48 2.73
28 36 2.24
29 50 2.03
30 43 1.63
30 52 1.53
31 59 1.19
32 57 4.34
33 40 2.37
34 46 4.39
34 53 3.64
34 55 4.08
37 48 2.71
38 58 2.44
40 42 4.99
42 46 4.02
42 58 1.37
45 49 3.47
49 50 2.68
