0 0
1 21.9291
2 34.7793
3 10.3985
4 27.5193
5 26.9816
6 35.425
7 5.59017
8 19.7698
9 23.628
10 23.9138
11 15.6873
12 18.4824
13 19.8826
14 16.2745
15 25.2138
16 15.1135
17 16.0849
18 21.5962
19 21.2878
20 26.8408
21 15.9099
22 15.7605
23 23.6969
24 8.83883
25 25.3957
26 21.5375
27 29.7767
28 10.0971
29 7.07107
30 17.5469
31 32.797
32 22.3597
33 5.15388
34 23.7087
35 30.7632
36 16.3471
37 33.8218
38 19.0696
39 2.79508
40 13.9927
41 34.5755
42 19.5829
43 9.54302
44 18.3042
45 18.88
46 24.5829
47 10.6066
48 31.0267
49 18.3126
50 11.0239
51 12.1663
52 25.1504
53 17.3349
54 20.8412
55 28.2157
56 31.0293
57 28.7745
58 20.8329
59 31.9657
