0 21.9291
1 0
2 12.8501
3 11.5306
4 5.59017
5 24.1972
6 13.4959
7 21.9291
8 17.3663
9 25.7379
10 18.577
11 32.0262
12 32.6965
13 32.4412
14 23.1737
15 25.965
16 32.8471
17 32.0611
18 8.49922
19 34.764
20 24.4373
21 26.581
22 23.1863
23 1.76777
24 30.768
25 27.5057
26 19.134
27 21.4022
28 26.4361
29 29.0002
30 32.0126
31 10.8679
32 36.9183
33 24.9415
34 24.4373
35 22.6522
36 32.6861
37 17.3571
38 25.9688
39 19.134
40 16.1027
41 26.371
42 21.6928
43 25.882
44 19.4363
45 34.8562
46 26.6928
47 28.3402
48 20.1522
49 40.2417
50 32.953
51 9.76281
52 29.4879
53 30.8111
54 26.8957
55 24.6957
56 9.10014
57 35.6737
58 22.9428
59 20.9457
