0 34.7793
1 12.8501
2 0
3 24.3807
4 18.3872
5 11.3471
6 10.4815
7 32.7385
8 21.0895
9 25.0274
10 31.4272
11 31.3391
12 19.8463
13 32.6289
14 30.6176
15 13.1149
16 45.6972
17 31.4763
18 21.3494
19 26.8085
20 24.625
21 39.4311
22 36.0364
23 14.6179
24 42.2579
25 26.7952
26 19.3217
27 8.55202
28 28.2316
29 40.4902
30 25.682
31 5.51777
32 36.2078
33 35.4114
34 23.8525
35 9.80202
36 34.4816
37 4.50694
38 27.8225
39 31.9842
40 26.5725
41 13.5208
42 20.9824
43 33.6859
44 32.2864
45 34.2714
46 20.8737
47 41.1903
48 7.30202
49 45.5214
50 44.443
51 22.6129
52 18.0786
53 30.2263
54 26.1852
55 19.3456
56 3.75
57 43.1176
58 22.2324
59 15.5956
