0 10.3985
1 11.5306
2 24.3807
3 0
4 17.1207
5 24.7038
6 25.0264
7 10.3985
8 9.37122
9 19.7513
10 25.4293
11 20.4956
12 23.2907
13 24.4462
14 21.0828
15 26.4716
16 21.3165
17 24.0661
18 20.0298
19 26.7689
20 16.4423
21 17.4254
22 11.6557
23 13.2983
24 19.2374
25 17.9835
26 11.139
27 21.9087
28 14.9055
29 17.4696
30 22.3553
31 22.3985
32 30.9316
33 15.5524
34 16.4423
35 20.6587
36 21.1555
37 25.9538
38 22.9057
39 7.60345
40 24.3913
41 37.9015
42 23.7964
43 14.3514
44 7.90569
45 26.8611
46 22.0325
47 16.8096
48 23.1587
49 28.7111
50 21.4225
51 1.76777
52 24.8275
53 22.8161
54 25.6495
55 20.9492
56 20.6307
57 33.5828
58 22.5464
59 24.6992
