0 27.5193
1 5.59017
2 18.3872
3 17.1207
4 0
5 29.7343
6 7.90569
7 27.5193
8 22.9564
9 31.3281
10 24.1672
11 37.6164
12 38.2335
13 38.0314
14 28.7639
15 31.502
16 38.4373
17 37.6513
18 14.0894
19 40.3541
20 30.0275
21 32.1711
22 28.7764
23 7.35794
24 36.3581
25 33.0959
26 24.7242
27 26.9392
28 32.0262
29 34.5904
30 37.6027
31 16.4049
32 42.5084
33 30.5317
34 30.0275
35 28.1892
36 38.2762
37 22.8941
38 31.559
39 24.7242
40 21.6928
41 31.908
42 27.283
43 31.4721
44 25.0264
45 40.4464
46 32.283
47 33.9303
48 25.6892
49 45.8319
50 38.5432
51 15.353
52 35.0781
53 36.4013
54 32.4859
55 30.2327
56 14.6372
57 41.2639
58 28.533
59 26.4827
