0 0 0
0 8 2.23
0 11 5.65
1 3 5
1 10 2.23
1 24 5
2 9 6.32
2 12 3.6
2 20 4.47
3 19 2
3 28 4.47
3 29 2.23
4 6 4.47
4 11 8.94
4 38 9.43
4 39 2.23
5 22 8.54
5 32 8.54
6 14 3.6
6 37 4.12
7 35 12.04
7 38 8
8 29 1.41
8 31 1
8 32 5
9 16 8.54
9 17 8.48
10 33 10.29
10 36 6.4
10 39 8.06
11 13 8.54
12 23 9.89
12 38 9.05
13 31 6.08
14 16 2
14 25 6.4
15 30 5
15 34 8.06
17 18 2
17 21 2
17 28 4
18 20 8.48
18 21 4
18 36 5
19 28 2.82
19 34 4.47
20 24 5.09
21 30 1.41
22 30 3.16
22 35 11.31
23 28 1
24 27 3.16
24 34 1.41
25 26 3.6
26 37 4
27 31 4.24
33 34 5.83
33 35 5.09
33 39 5.38
34 37 5
