0 12 4
0 14 3.16
0 17 1
0 39 5.09
1 9 6.7
1 24 2.82
1 31 7.21
2 6 1
2 7 2.23
3 8 9.05
3 11 7.28
3 21 3.6
3 32 1
3 36 8.48
4 23 6.4
4 34 2.23
5 15 3.16
5 23 6.4
5 28 5.09
6 10 2.23
7 9 5.38
8 21 6.7
8 26 9.84
8 38 4.12
9 28 4
9 31 7
10 29 4
11 31 2
11 33 7.81
12 18 5
12 37 2.82
13 27 8.6
13 38 9.43
14 15 4
14 38 8.06
16 18 3.16
16 22 5
17 19 6.32
17 23 8.6
17 32 5.83
17 34 4
18 29 4.12
19 27 1
19 33 9.43
20 26 6.7
20 28 7.61
20 33 8.6
21 23 7.21
21 36 5
22 37 6.32
24 35 2.23
25 30 1
25 35 5.09
26 36 6.7
28 35 3.16
30 31 4
31 33 9.21
32 33 7
36 37 2
38 39 9.84
