0 14 5.38516
0 15 3.16228
0 25 6
0 36 5
1 2 5.38516
1 20 2
1 31 5.83095
2 16 1.41421
2 22 4.47214
3 12 8.06226
3 27 7.81025
3 28 6.08276
4 10 3.60555
4 12 4.12311
4 33 10.8167
5 21 7.61577
5 24 8.06226
6 12 6.40312
6 19 4
6 22 4.47214
6 26 4.47214
7 21 5.09902
7 35 7.61577
8 23 4.47214
8 29 9.21954
8 36 3.16228
9 17 2.82843
9 22 3.60555
9 39 5.38516
10 35 6.08276
11 20 8.60233
11 23 7.28011
11 38 9.84886
12 34 3.16228
13 15 6.08276
13 16 3.16228
13 30 9.84886
13 33 8.544
14 30 4.12311
15 20 7.07107
15 39 1
17 18 5.38516
17 27 4.47214
18 32 4
18 39 2.82843
19 25 9.21954
20 28 3.16228
22 26 2.82843
23 38 2.82843
24 28 5.09902
25 31 7.07107
26 35 2
26 37 3.60555
27 35 4.12311
29 33 10.2956
30 37 6
30 39 5.38516
32 38 6
34 37 6.32456
34 38 3
