0 9 5.83
0 10 5.38
0 26 4.12
0 31 4.24
0 37 1.41
0 43 2.23
1 45 9.21
1 59 9
2 14 1.41
2 44 4.47
3 11 7.28
3 34 2.23
3 40 3
4 19 7
4 42 8.06
4 61 6.32
4 71 6.08
5 7 8.06
5 25 9.89
5 40 7
5 56 9.21
6 36 6.7
6 39 2.23
6 41 9.43
7 69 4.24
7 72 5
8 22 2.82
8 52 3.6
8 54 4.12
9 10 8.54
9 51 4.47
9 62 3
10 31 2.23
10 41 1.41
10 78 6.7
11 23 2.23
11 62 8.06
12 34 6.08
12 72 2
12 73 5.83
13 23 2
13 48 7.07
14 16 5
14 62 10
15 24 4.47
15 25 8.48
16 50 1
17 38 6.08
17 56 8.06
17 65 6.7
17 77 7.07
18 22 4
18 35 1
18 46 3.6
19 41 6.08
19 58 2.82
20 27 3.16
20 29 8
20 55 1
21 34 6.32
21 53 3.16
21 54 4.12
22 27 4.47
22 49 4.12
22 63 3.6
22 71 4.47
23 50 8.24
24 57 3.6
25 78 6.08
26 42 5.38
26 63 2.82
27 51 5.83
28 33 5.38
28 66 6.4
29 61 6.7
29 73 9.21
29 78 4.47
30 46 8.24
30 79 6.4
31 41 2.23
31 65 6
31 73 6.7
32 52 1
32 75 2.82
32 76 9.48
33 79 3.6
34 41 8.06
34 67 7.21
35 39 7.07
36 58 2.23
37 60 1
37 71 7.61
38 45 6.08
40 42 7.07
43 49 6
43 70 5.38
44 60 5.09
44 67 2.23
44 78 1
45 56 3.6
45 73 1.41
46 75 6.08
47 63 4.47
47 78 2.23
48 56 5
49 74 2.82
51 64 3.6
51 68 4.47
53 65 4
55 68 6.08
56 61 2.23
57 64 2.23
59 70 2.23
60 63 7.21
62 76 2.23
64 69 3
66 75 3.6
69 77 5.38
73 75 6.08
74 77 5.09
