0 0
1 0
2 0
3 0
4 0
5 0
6 9.67
7 7.35
8 0
9 0
10 2.86
11 4.86
12 0
13 9.19
14 3.23
15 9.96
16 0
17 0
18 2.37
19 0
20 8.5
21 0
22 0
23 6.01
24 6.59
25 3.81
26 6.21
27 0
28 4.53
29 0
30 6.96
31 0
32 0
33 0
34 5.02
35 0
36 8.84
37 2.69
38 0
39 0
40 6.49
41 0
42 2.05
43 0
44 0
45 9.55
46 7.77
47 6.07
48 8.05
49 4.41
50 6.17
51 1.66
52 5.43
53 0
54 2.91
55 0
56 0
57 4.34
58 7.37
59 3.29
60 6.24
61 0
62 0
63 9.41
64 0
65 0
66 3.13
67 0
68 0
69 0
70 4.86
71 4.75
72 0
73 3.74
74 0
75 7.94
76 0
77 8.05
78 0
79 0
