0 10 4.57
0 37 2.88
0 43 3.71
1 45 3.5
1 59 3.98
2 14 1.6
3 40 1.49
4 19 3.39
4 61 2.79
4 71 1.9
5 7 3.75
5 25 2.87
5 40 1.66
5 56 3.87
6 36 1.57
6 41 2.97
7 69 3.07
7 72 2.86
8 22 2.01
9 62 3.59
10 78 3.11
11 23 4.04
11 62 2.29
13 23 3.86
13 48 3.11
14 16 1.24
15 24 2.05
15 25 4.16
17 56 4.84
17 77 2.8
18 22 2.25
18 35 4.79
20 29 1.72
20 55 3.04
21 34 1.67
21 54 1.64
22 27 1.95
22 71 3.4
25 78 1.71
26 42 3.84
28 33 4.58
28 66 3.58
29 73 3.29
30 46 2.87
30 79 2.52
31 65 3.54
31 73 2.67
32 75 3.09
32 76 1.96
33 79 1.97
34 67 1
36 58 2.24
37 60 3.81
37 71 2.98
38 45 2.83
40 42 3.67
43 49 1.08
44 60 1.7
44 67 1.53
44 78 2.79
47 78 1.43
48 56 1.73
49 74 1.65
51 64 3.89
51 68 4.62
55 68 3.71
56 61 1.69
57 64 3.46
62 76 1.2
64 69 4.41
69 77 2.76
73 75 3.83
