0 0
1 23.55
2 14.9625
3 20.95
4 18.875
5 29.4625
6 19.875
7 26.425
8 16.7
9 7.2875
10 6.725
11 21.1125
12 20.9625
13 26.4
14 16.725
15 28.825
16 22.975
17 21.175
18 18.175
19 15.6875
20 22.7125
21 21.75
22 13.175
23 23.9
24 24.6625
25 18.225
26 5.15
27 18.7625
28 33.775
29 16.2125
30 32.975
31 5.3
32 22.45
33 40.5
34 18.1625
35 19.425
36 22
37 1.7625
38 23.0375
39 22.6625
40 20.7125
41 8.0875
42 11.875
43 2.7875
44 9.375
45 15.4375
46 22.675
47 13.4125
48 26.1875
49 10.2875
50 24.225
51 12.875
52 21.2
53 17.8
54 21.85
55 23.9625
56 19.9375
57 20.1625
58 19.2125
59 12.3
60 3.0125
61 22.725
62 11.0375
63 8.675
64 17.375
65 12.8
66 25.775
67 12.1625
68 18.4625
69 21.125
70 9.5125
71 11.275
72 23.4625
73 13.675
74 13.8125
75 21.275
76 13.825
77 20.175
78 10.625
79 40.975
