0 23.55
1 0
2 37.2125
3 30.95
4 26.7
5 27.525
6 36.225
7 29.3125
8 30.15
9 30.8375
10 24.4375
11 36.3875
12 20.5625
13 31.1
14 38.975
15 48.575
16 45.15
17 26.0875
18 32.975
19 32.0375
20 34.7875
21 36.0625
22 33.4125
23 33.6
24 45.65
25 37.975
26 28.7
27 38.7375
28 33.375
29 24.7875
30 38.775
31 21.65
32 24.4
33 40.1
34 28.1625
35 34.225
36 38.35
37 25.3125
38 19.1125
39 39.0125
40 34.7
41 24.4375
42 35.425
43 20.7625
44 31.625
45 11.5125
46 28.475
47 33.1625
48 22.2625
49 28.2625
50 43.9
51 36.425
52 25.65
53 34.15
54 35.3
55 36.0375
56 16.0125
57 41.15
58 35.5625
59 11.25
60 26.5625
61 18.8
62 34.5875
63 32.225
64 38.3625
65 29.15
66 25.375
67 34.4125
68 42.0125
69 34.6125
70 14.0375
71 34.3
72 23.0625
73 13.275
74 31.7875
75 20.875
76 36.25
77 34.925
78 30.375
79 44.6
