0 14.9625
1 37.2125
2 0
3 20.175
4 28.7
5 26.8
6 28.7625
7 33.7375
8 23.2375
9 18.0125
10 15.2125
11 22.35
12 24.9875
13 22.0625
14 1.7625
15 25.0375
16 8.0125
17 33.6625
18 24.7125
19 24.575
20 22.425
21 25.2875
22 19.7125
23 19.5625
24 30.625
25 14.4375
26 18.7375
27 25.3
28 44.0375
29 12.425
30 39.5125
31 18
32 28.9
33 50.7625
34 17.3875
35 25.9625
36 30.8875
37 13.2
38 33.3
39 31.55
40 23.925
41 16.975
42 25.4625
43 17.75
44 5.5875
45 25.7
46 29.2125
47 9.625
48 29.8375
49 24.8625
50 9.2625
51 23.6
52 27.7375
53 29.2375
54 28.3875
55 23.675
56 23.5875
57 30.8875
58 28.1
59 27.2625
60 11.95
61 20.8
62 14.2625
63 15.2125
64 28.1
65 25.5
66 36.0375
67 8.375
68 29.1875
69 31.85
70 24.475
71 22.7125
72 27.4875
73 23.9375
74 28.3875
75 31.5375
76 17.05
77 34.75
78 6.8375
79 47.5125
