0 20.95
1 30.95
2 20.175
3 0
4 22.6625
5 12.5
6 24.65
7 19.1375
8 20.9875
9 22.925
10 14.625
11 9.1
12 10.3875
13 14.3875
14 21.9375
15 34.0375
16 23.4375
17 28.0125
18 29.5125
19 20.4625
20 31.425
21 10.6875
22 24.5125
23 11.8875
24 35.475
25 23.4375
26 19.3125
27 30.1
28 37.775
29 21.425
30 43.175
31 15.65
32 26.7375
33 44.5
34 2.7875
35 30.7625
36 26.775
37 22.2
38 27.0375
39 27.4375
40 3.75
41 12.8625
42 12.5875
43 23.7375
44 14.5875
45 19.4375
46 32.875
47 18.625
48 23.225
49 29.6625
50 22.1875
51 28.5125
52 25.4875
53 14.6375
54 15.8375
55 32.675
56 23.9375
57 30.975
58 23.9875
59 33.25
60 20.95
61 26.725
62 19.175
63 22.8375
64 28.1875
65 19.6375
66 29.775
67 11.8
68 34.1
69 24.4375
70 30.4625
71 30.1
72 12.8875
73 17.675
74 33.1875
75 25.275
76 21.9625
77 31.1625
78 15.8375
79 49
