0 18.875
1 26.7
2 28.7
3 22.6625
4 0
5 22.2
6 23.4375
7 32.275
8 16.7125
9 26.1625
10 18.1125
11 31.0625
12 24.2375
13 25.775
14 30.4625
15 40.0625
16 36.7125
17 20.7625
18 18.1875
19 8.75
20 22.725
21 27.0125
22 13.1875
23 28.275
24 37.85
25 29.4625
26 16.8
27 18.775
28 37.05
29 16.275
30 32.9875
31 19.1375
32 22.4625
33 43.775
34 25.45
35 19.4375
36 15.0625
37 17.1125
38 22.7875
39 26.225
40 18.9125
41 16.35
42 10.075
43 21.6625
44 23.1125
45 15.1875
46 22.6875
47 23.275
48 16.9375
49 18.3375
50 37.9625
51 26.0625
52 21.2125
53 30.9625
54 21.8625
55 23.975
56 10.6875
57 33.35
58 12.275
59 31.175
60 18.3625
61 7.9
62 29.9125
63 17.6875
64 30.5625
65 26.6375
66 29.05
67 25.9
68 31.575
69 34.3125
70 28.3875
71 7.6
72 26.7375
73 16.95
74 21.8625
75 24.55
76 32.7
77 28.225
78 21.8625
79 40.9875
