0 9 4.47
0 11 6.7
0 35 2
1 15 2
1 17 4
1 33 2.82
1 38 5.38
2 3 5.38
2 13 1
2 39 2.23
3 22 3.6
3 28 6
4 5 6.4
4 33 4
4 44 6.7
4 45 5.38
5 8 6.08
5 20 3
5 38 11.31
6 28 6.32
6 56 6.7
7 31 3.16
7 40 2
7 41 4.47
7 53 4.47
8 55 2.23
8 57 6.08
9 22 8.24
10 16 8.94
10 53 4.47
11 37 1.41
11 45 1.41
12 14 7.28
12 41 1.41
13 15 3.6
13 18 3.16
14 32 8.6
14 42 6.4
15 24 9
15 53 7.07
16 41 8.24
16 48 8.06
17 49 4.24
18 37 4.47
19 42 7.07
19 52 4.47
19 57 8.54
20 24 1
21 33 5.83
21 40 4.47
21 56 2.82
22 25 2.23
22 52 7.21
23 36 3.6
23 48 3
24 40 4.12
24 50 3.6
25 34 7.07
25 59 4.47
26 29 5
26 43 3.16
27 42 4.12
27 51 7.07
28 34 3.16
28 40 4.12
29 35 4.12
29 51 4
30 47 1
30 57 5.09
31 35 4.24
31 38 4.12
31 39 3
31 43 5.83
31 58 1
32 46 2
32 55 5.65
34 52 3
36 51 5.09
36 59 3.16
38 44 11.4
39 41 7
43 58 5
44 54 10.63
45 46 4.47
45 50 5
45 57 4
47 49 7.61
50 54 9.89
52 53 2
54 56 5.09
