0 0
1 19.675
2 14.3375
3 20.3875
4 16.8625
5 24.4
6 27.3
7 11.75
8 22.7375
9 5.5875
10 22.925
11 8.375
12 19.1
13 15.5875
14 28.2
15 20.0875
16 27.6375
17 24.675
18 15.725
19 25.425
20 20.65
21 19.8375
22 15.8875
23 23.5125
24 19.4
25 18.675
26 13.9
27 21.4875
28 19.4
29 7.65
30 21.5
31 7.8
32 18.225
33 21.8625
34 23.35
35 2.5
36 19.0125
37 10.1375
38 12.95
39 11.55
40 14.25
41 17.3375
42 26.6375
43 15.0875
44 25.2375
45 10.1375
46 15.725
47 22.75
48 27.2625
49 29.975
50 16.3875
51 12.65
52 19.8375
53 17.3375
54 28.75
55 25.2875
56 23.3625
57 15.1375
58 9.05
59 22.9625
