0 19.675
1 0
2 8.25
3 14.975
4 8.525
5 16.525
6 22.7125
7 15.825
8 24.125
9 25.2625
10 16.925
11 17.0125
12 21.55
13 7
14 30.65
15 2.5
16 28.1
17 5
18 10.95
19 19.425
20 15
21 10.8125
22 19.475
23 36.3
24 13.75
25 22.2625
26 23.1125
27 33.4125
28 21.5375
29 22.325
30 21.0625
31 11.875
32 23.3375
33 3.525
34 17.5875
35 17.175
36 31.8
37 16.5375
38 6.725
39 11.0375
40 16.4
41 19.7875
42 28.2625
43 19.1625
44 16.9
45 15.25
46 20.8375
47 19.8125
48 38.175
49 10.3
50 18.25
51 27.325
52 13.8375
53 11.3375
54 20.7
55 26.9125
56 14.3375
57 20.25
58 13.125
59 27.85
