0 14.3375
1 8.25
2 0
3 6.725
4 16.775
5 22
6 22.125
7 10.4875
8 26.9125
9 19.925
10 20.175
11 12.55
12 13.3
13 1.25
14 22.4
15 5.75
16 21.8375
17 13.25
18 5.2
19 22.675
20 18.25
21 18.575
22 11.225
23 28.05
24 17
25 14.0125
26 17.775
27 30.825
28 14.225
29 16.9875
30 25.675
31 6.5375
32 22.4
33 11.775
34 18.175
35 11.8375
36 23.55
37 10.7875
38 11.6875
39 2.7875
40 12.9875
41 11.5375
42 30.4
43 13.825
44 25.15
45 14.3125
46 19.9
47 26.925
48 31.8
49 18.55
50 20.5625
51 21.9875
52 17.0875
53 14.5875
54 28.4625
55 29.4625
56 22.1
57 19.3125
58 7.7875
59 19.6
