0 20.3875
1 14.975
2 6.725
3 0
4 23.5
5 22.8
6 15.4
7 15.15
8 30.4
9 14.8
10 21.6
11 19.275
12 20.025
13 7.975
14 29.125
15 12.475
16 28.5625
17 19.975
18 11.925
19 19.1
20 19.05
21 18.2375
22 4.5
23 21.325
24 17.8
25 7.2875
26 24.5
27 32.025
28 7.5
29 23.7125
30 32.4
31 13.2625
32 29.125
33 18.5
34 11.45
35 18.5625
36 16.825
37 17.5125
38 18.4125
39 9.5125
40 12.65
41 18.2625
42 27.9375
43 20.55
44 31.875
45 21.0375
46 26.625
47 33.65
48 25.075
49 25.275
50 22.3
51 23.1875
52 13.5125
53 16.0125
54 28.125
55 33.1875
56 21.7625
57 26.0375
58 14.5125
59 12.875
