0 16.8625
1 8.525
2 16.775
3 23.5
4 0
5 8
6 24.1875
7 20.375
8 15.6
9 22.45
10 25.45
11 8.4875
12 27.725
13 15.525
14 25.5625
15 11.025
16 36.2625
17 13.525
18 15.8375
19 22.4
20 11.75
21 12.2875
22 28
23 40.375
24 13
25 30.7875
26 30.7625
27 36.3875
28 23.025
29 24.5125
30 18.0875
31 20.4
32 14.8125
33 5
34 26.1125
35 19.3625
36 35.875
37 10.25
38 15.25
39 19.5625
40 17.875
41 25.9625
42 31.2375
43 27.6875
44 8.375
45 6.725
46 12.3125
47 19.3375
48 44.125
49 18.825
50 12.975
51 29.5125
52 22.3625
53 19.8625
54 21.6625
55 18.3875
56 15.8125
57 11.725
58 21.65
59 36.375
