0 6 8.06
0 38 12.04
0 41 8.54
0 49 2
1 16 3
1 38 5.83
1 55 2.23
2 6 6.32
2 35 1
2 41 2.82
3 7 1
3 39 1.41
4 29 2.23
4 58 9.43
5 51 3
5 54 7.07
6 33 2.82
6 48 7.81
7 27 6.7
7 29 3.6
7 59 3
8 15 4.47
8 25 6.7
8 31 6.08
8 41 4.12
8 57 7.21
9 10 8.94
9 12 3.16
9 46 6.08
9 52 3.16
10 23 4
10 29 5.83
10 45 8.06
11 15 4
11 24 5.38
11 34 1
12 18 3.16
12 40 2.23
12 53 3.16
13 24 5
13 29 1.41
13 35 4.47
14 43 5.09
14 51 3.16
15 17 3.16
15 26 6.4
15 28 5.83
16 34 2.23
16 40 5.38
16 42 5
17 33 6.7
17 39 2
18 41 5.38
19 26 6.32
19 49 5
19 54 4
19 57 10.63
20 25 8.6
20 26 1.41
21 32 5.09
21 34 1.41
21 55 3
22 44 5.38
23 40 1
23 48 2
25 47 7.28
25 56 5.83
26 36 3.16
26 51 7
27 38 9.43
27 50 4.47
27 59 4.24
28 44 8.54
30 36 5
30 41 5
30 43 5.83
30 56 6.7
31 59 5.38
32 34 4
33 56 5.65
37 45 5
37 58 4.47
40 48 1
42 54 4
43 46 6.7
45 51 7.28
46 48 2.23
47 53 10
50 52 6
55 56 6.4
