0 38 2.92
1 16 1.23
1 55 3.09
2 6 4.91
2 41 1.94
3 7 3.02
4 29 2.84
4 58 1.23
5 51 2.49
6 33 2.35
6 48 3.53
7 29 2.31
7 59 3.91
8 25 4.16
8 57 2.53
9 10 4.03
9 12 2.74
9 46 4.47
9 52 2.74
10 29 3.07
10 45 1.1
11 15 3.14
11 24 2.1
11 34 2.96
12 40 3.26
13 24 1.33
14 43 4.72
15 17 1.9
15 28 3.54
16 34 2.4
16 42 2.18
17 39 1.66
19 26 1.88
19 49 2.82
19 54 4.51
20 26 1.85
21 32 3.77
21 34 4.55
21 55 2.47
22 44 3.86
23 48 1.71
25 47 1.13
25 56 3.41
26 36 1.78
26 51 1.2
27 59 4.23
30 41 2.67
30 43 3.17
32 34 2.68
33 56 4.04
37 45 4.11
43 46 1.59
45 51 2.64
47 53 2.28
