0 0
1 22.3375
2 14.2
3 26.2375
4 25.5875
5 22.5875
6 10.075
7 27.3
8 15.825
9 25.3
10 27.3375
11 26.4125
12 21.35
13 21.0375
14 29.35
15 21.4125
16 25
17 21.975
18 17.4
19 8.75
20 18.4125
21 28.875
22 46.1
23 22.3375
24 27.2875
25 24.2
26 16.65
27 26.8375
28 28.7
29 22.8
30 16.925
31 23.425
32 32.6625
33 13.6
34 27.6625
35 15.45
36 20.6
37 40.75
38 15.05
39 24.475
40 21.0875
41 10.675
42 18.75
43 24.2125
44 39.375
45 34.5
46 22.625
47 33.3
48 19.8375
49 2.5
50 32.425
51 25.4
52 29.25
53 25.3
54 13.75
55 25.125
56 20.6625
57 22.0375
58 37.375
59 30.15
