0 22.3375
1 0
2 27.05
3 21
4 25.3125
5 23.8375
6 21.375
7 22.25
8 18.375
9 17.2125
10 16.725
11 7.7875
12 13.2625
13 20.7625
14 29.25
15 12.7875
16 3.75
17 16.7375
18 17.2125
19 20
20 22.55
21 6.5375
22 37.475
23 11.725
24 14.5125
25 18.075
26 20.7875
27 19.075
28 20.075
29 22.525
30 19.1625
31 25.975
32 11.5375
33 17.85
34 6.5375
35 26.35
36 24.7375
37 33.05
38 7.2875
39 19.2375
40 10.475
41 23.525
42 10
43 22.8875
44 30.75
45 26.8
46 14.5125
47 27.175
48 11.725
49 24.8375
50 24.6625
51 27.5875
52 21.1625
53 17.2125
54 15
55 2.7875
56 10.7875
57 27.3875
58 37.1
59 24.375
