0 14.2
1 27.05
2 0
3 14.35
4 11.3875
5 31.125
6 7.9
7 13.1
8 8.675
9 18.15
10 15.8875
11 19.2625
12 14.2
13 6.8375
14 23.425
15 14.2625
16 23.3
17 18.2125
18 10.25
19 22.95
20 21.7375
21 22.275
22 38.95
23 18.2375
24 13.0875
25 17.05
26 19.975
27 21.475
28 21.55
29 8.6
30 9.775
31 16.275
32 25.5125
33 11.425
34 20.5125
35 1.25
36 16.025
37 28.7625
38 29.25
39 16.1125
40 16.9875
41 3.525
42 29.55
43 17.0625
44 32.225
45 25.9625
46 20.45
47 26.15
48 17.6625
49 16.7
50 27.0625
51 27.375
52 22.1
53 18.15
54 27.95
55 26.025
56 18.15
57 17.6875
58 23.175
59 16.85
