0 26.2375
1 21
2 14.35
3 0
4 8.5375
5 28.7125
6 16.1625
7 1.25
8 13.8
9 24.2125
10 13.0375
11 13.2125
12 22.075
13 7.5125
14 28.9125
15 8.2125
16 17.25
17 4.2625
18 24.6
19 24.1125
20 17.975
21 16.225
22 32.9
23 18.0375
24 13.7625
25 22.175
26 16.2125
27 9.625
28 15.5
29 5.75
30 24.125
31 11.725
32 19.4625
33 12.6375
34 14.4625
35 13.1
36 20.1625
37 25.9125
38 21.4125
39 1.7625
40 19.2875
41 17.875
42 23.5
43 31.4125
44 26.175
45 23.1125
46 23.325
47 31.275
48 20.5375
49 28.7375
50 15.2125
51 24.9625
52 22.7125
53 26.025
54 28.5
55 19.975
56 19.7
57 22.8125
58 20.325
59 5
