0 25.5875
1 25.3125
2 11.3875
3 8.5375
4 0
5 33
6 19.2875
7 7.2875
8 20.0625
9 21.25
10 10.075
11 17.525
12 19.1125
13 4.55
14 33.2
15 16.75
16 21.5625
17 12.8
18 21.6375
19 32.65
20 26.5125
21 20.5375
22 41.4375
23 15.075
24 10.8
25 28.4375
26 24.75
27 15.6625
28 24.0375
29 2.7875
30 21.1625
31 17.7625
32 23.775
33 21.175
34 18.775
35 10.1375
36 27.4125
37 17.375
38 27.45
39 10.3
40 16.325
41 14.9125
42 27.8125
43 28.45
44 34.7125
45 20.15
46 20.3625
47 35.5625
48 17.575
49 28.0875
50 21.25
51 29.25
52 25.2
53 23.0625
54 32.8125
55 24.2875
56 28.2375
57 29.075
58 11.7875
59 11.0375
