0 2 3.16
0 14 3
0 16 9.43
0 19 8.06
0 21 2.23
0 34 6
1 11 5.83
1 13 3.6
2 13 9.05
2 15 4.47
3 5 5
3 7 8.06
3 28 4.47
4 10 3.6
4 17 7.07
4 38 4.24
4 39 3.6
5 12 3.6
6 14 3.6
6 18 6.7
7 11 1
7 34 8.24
8 21 2
8 31 1
9 31 2.82
9 32 3.16
9 36 4.12
10 33 4.12
11 13 3
11 16 4.24
12 22 4.12
12 24 5.38
13 26 9.05
15 19 5
15 27 6.4
16 28 5.09
16 35 8.54
17 22 5.38
17 34 9.21
18 20 9.21
18 24 4.12
19 21 7.61
19 27 8
20 32 7.07
22 30 4.47
23 25 7.28
23 31 7.21
23 33 5
23 35 10.29
24 26 4
24 31 2
24 37 4
24 38 1
25 29 1.41
26 38 5
28 37 3.6
29 34 7.28
30 33 3.6
36 37 6.08
38 39 6.08
