0 2 7.21
0 16 10.29
0 46 5
0 55 2.23
1 39 5
1 40 4.47
2 10 5.83
2 13 1
3 20 5.38
3 32 3.6
3 53 4.24
4 21 2.23
4 24 8.54
5 47 2
5 55 5.65
5 58 6.32
5 59 3.6
6 15 2.23
6 43 2
7 12 3.16
7 48 4.24
7 53 1.41
7 59 5.65
8 52 2
8 58 5.09
9 12 6.32
9 37 2
10 11 3.6
10 20 12.04
10 24 9.43
10 25 6.7
10 54 8
11 34 1.41
11 40 5.83
13 16 2.23
13 35 2.23
13 58 7.07
14 19 8.54
14 44 9.05
14 52 7.61
15 36 6.4
16 42 4.12
17 19 8.06
17 26 2
17 28 8.06
17 45 6
17 50 7.21
18 35 3
18 42 5.09
18 48 9.43
20 23 9.89
20 53 5.38
20 56 2.23
21 22 1
22 34 3.6
23 27 8.48
23 29 8.06
23 35 6.08
24 25 5.09
25 37 6.7
25 53 1
26 34 1.41
26 46 4.47
27 38 1.41
27 44 2.82
27 46 2.82
28 35 4.47
28 39 6.32
29 43 5
30 49 7.81
30 55 5.38
31 42 7.07
31 51 3.6
32 47 5.65
33 54 9
33 56 3
34 36 6
34 42 2
36 49 4
36 54 9.43
37 57 3
38 41 8.48
39 50 5.38
41 51 5
42 56 8.06
44 52 4.47
45 48 8.06
45 59 1
50 57 5.83
51 58 5.38
