0 0
1 28.2375
2 9.0125
3 23.9125
4 22.1375
5 9.85
6 31.8875
7 21.4125
8 21.3875
9 33.2625
10 16.3
11 15.3625
12 25.3625
13 10.2625
14 24.6125
15 29.1
16 12.8625
17 14.3375
18 16.8
19 24.4125
20 28.9625
21 19.35
22 18.1
23 20.375
24 28.0875
25 24.425
26 11.8375
27 9.775
28 18.6375
29 30.45
30 9.5125
31 24.9375
32 19.4125
33 29.925
34 13.6
35 13.05
36 21.1
37 32.8
38 11.5375
39 26.5375
40 22.65
41 22.1375
42 16.1
43 34.3875
44 13.3
45 15.6
46 6.25
47 12.35
48 25.675
49 19.275
50 23.35
51 24.475
52 18.8875
53 23.175
54 26.3
55 2.7875
56 26.175
57 30.6375
58 17.75
59 14.35
