0 28.2375
1 0
2 23.775
3 32.3
4 23.175
5 32.15
6 32.925
7 28.7625
8 37.125
9 26.5125
10 17.375
11 12.875
12 32.7125
13 22.525
14 39.65
15 30.1375
16 22.2875
17 18.9
18 23.4875
19 28.975
20 30
21 20.3875
22 19.1375
23 27.3375
24 29.1625
25 25.75
26 16.4
27 25.5125
28 14.15
29 37.4125
30 36.9
31 25.975
32 36.8
33 30.9625
34 14.6375
35 19.7375
36 22.1375
37 24.0125
38 27.275
39 6.25
40 5.5875
41 36.725
42 17.1375
43 35.425
44 29.0375
45 26.4
46 21.9875
47 34.65
48 34.0625
49 27.1375
50 12.975
51 30.475
52 34.625
53 27
54 27.375
55 31.025
56 27.2125
57 20.2625
58 31.3625
59 27.65
