0 9.0125
1 23.775
2 0
3 22.2125
4 20.225
5 17.9875
6 29.975
7 18.675
8 16.45
9 26.5375
10 7.2875
11 11.7875
12 22.625
13 1.25
14 28.4625
15 27.1875
16 4.0375
17 15.95
18 7.7875
19 26.025
20 22.05
21 17.4375
22 16.1875
23 11.6375
24 19.075
25 15.6625
26 13.45
27 18.7875
28 9.625
29 21.7125
30 18.525
31 18.025
32 26.7125
33 23.0125
34 11.6875
35 4.0375
36 19.1875
37 24.0375
38 20.55
39 17.525
40 19.075
41 23.0625
42 9.1875
43 27.9625
44 22.3125
45 23.45
46 15.2625
47 20.4875
48 19.575
49 24.1875
50 24.25
51 16.8125
52 18.95
53 16.9125
54 17.2875
55 11.8
56 19.2625
57 27.7875
58 10.0875
59 22.4875
