0 23.9125
1 32.3
2 22.2125
3 0
4 23.5875
5 14.0625
6 37.9125
7 7.0625
8 28.325
9 17.425
10 14.925
11 19.425
12 11.0125
13 23.4625
14 40.3375
15 36.6875
16 24.7375
17 22.875
18 24.15
19 32.95
20 6.725
21 26.375
22 25.6875
23 19.0875
24 12.9125
25 6.55
26 22.95
27 29.6875
28 31.8375
29 29.1625
30 27.85
31 28.425
32 4.5
33 13.2625
34 21.1875
35 26.25
36 28.6875
37 14.925
38 31.45
39 32.6875
40 26.7125
41 34.9375
42 19.5875
43 35.4125
44 33.2125
45 15.375
46 28.5375
47 11.5625
48 12.3625
49 33.6875
50 25.9625
51 28.6875
52 30.825
53 5.3
54 24.5125
55 21.125
56 9.5125
57 18.675
58 21.9625
59 14.125
