0 22.1375
1 23.175
2 20.225
3 23.5875
4 0
5 26.05
6 26.825
7 20.05
8 31.025
9 27.9125
10 14.8
11 10.3
12 24
13 18.975
14 33.55
15 24.0375
16 16.1875
17 12.8
18 17.4
19 22.875
20 23.9
21 2.7875
22 4.0375
23 28.75
24 10.675
25 17.0375
26 10.3
27 19.4125
28 22.875
29 35.575
30 30.8
31 19.875
32 28.0875
33 24.8625
34 8.5375
35 21.15
36 16.0375
37 25.4125
38 21.175
39 28.5375
40 17.5875
41 30.625
42 11.0375
43 29.325
44 22.9375
45 20.3
46 15.8875
47 28.55
48 25.35
49 21.0375
50 21.8125
51 24.375
52 28.525
53 18.2875
54 24.8
55 24.925
56 21.1125
57 29.1
58 27.8125
59 21.55
