0 18 2
0 23 2.23607
0 27 6.7082
0 38 7
1 4 7.81025
1 21 2.23607
1 26 3.60555
2 10 6.08276
2 39 3.60555
3 8 4.47214
3 31 3.60555
4 24 4.12311
5 24 5.83095
5 25 4.47214
6 36 2.23607
6 38 4.24264
7 11 8.06226
7 21 2
8 13 3
8 17 1
9 14 6.32456
9 15 6.40312
9 31 2.23607
9 35 2.23607
10 11 1.41421
10 30 9.89949
11 14 3.16228
11 19 7.61577
12 18 8.544
12 29 7.07107
12 32 9.05539
12 37 7.28011
13 15 4.47214
13 32 5.09902
13 34 2
13 39 3
14 20 3.16228
14 27 3
15 27 3.16228
16 21 1
16 29 5.38516
16 33 2
17 35 6.32456
17 38 3.16228
17 39 3.60555
18 22 3.16228
18 31 6.40312
19 28 4.12311
20 28 9.21954
20 32 5.38516
22 36 6.32456
23 33 4.12311
25 39 2
26 33 6.08276
26 34 5.83095
27 35 4.47214
28 30 1
28 32 8.24621
29 31 4
30 37 8.48528
