0 22 4.12311
0 23 8.60233
0 42 8.24621
0 51 3.16228
1 7 1.41421
1 14 5.38516
1 20 12.0416
1 36 8.48528
2 6 2.23607
2 22 4.47214
2 34 8.60233
3 27 5.38516
3 57 6.08276
3 58 5.83095
4 8 7.61577
4 44 3.16228
5 17 8.60233
5 20 12.7279
5 22 7.2111
5 37 11.4018
6 19 6.32456
6 32 4.12311
7 11 7
7 13 6.40312
7 16 7.81025
7 32 3.60555
8 11 4.12311
8 15 5
8 39 1
9 20 5.38516
9 36 2
9 43 7.28011
10 45 5.83095
11 17 4.47214
11 52 7.07107
12 38 7
12 56 9.21954
13 35 5.83095
14 40 7.07107
14 57 1
15 26 6.40312
16 59 2.82843
17 31 3.16228
18 29 3.16228
18 44 1
18 47 2.23607
19 51 2.82843
19 58 2.23607
20 33 2.23607
20 39 8.94427
21 26 1
21 54 8.544
21 57 2.23607
22 23 6.08276
22 35 4.24264
23 41 7.07107
24 44 1.41421
24 53 4.47214
24 54 2.82843
25 30 8.24621
25 43 9.05539
27 31 3.60555
28 41 2.23607
28 51 3.60555
29 38 6.7082
29 39 5.83095
30 54 5
32 48 2.82843
33 52 1
33 53 5.09902
33 55 7.07107
34 39 8.94427
35 44 6.40312
35 58 4.47214
36 49 6.32456
37 55 7.28011
38 54 6.32456
39 57 2.23607
40 46 8.06226
40 56 9.43398
41 44 4.24264
42 45 3.60555
46 59 6.40312
47 48 5
49 50 3.60555
49 56 5.09902
49 57 3.16228
50 52 8.48528
52 57 5.38516
55 56 6
