0 42 3.7
0 51 4.7
1 7 4.39
1 14 1.86
1 20 2.12
2 6 2.57
2 22 2.19
2 34 2.89
3 27 3.6
3 57 4.95
4 44 4.46
5 17 4.22
5 22 3.5
5 37 4.76
6 19 1.88
6 32 2.73
7 13 2.92
7 16 2.96
7 32 1.32
8 11 1.92
8 15 4.04
8 39 3.53
9 20 4.25
10 45 2.33
11 17 2.92
12 56 3.71
13 35 3.52
14 40 4.85
14 57 3.35
15 26 4.32
18 29 1.07
18 44 3.53
19 58 2.44
20 33 4.88
22 23 3.85
22 35 2.55
23 41 4.89
24 44 4.04
24 53 2.75
25 30 2.22
27 31 2.01
28 41 2.37
28 51 3.89
29 38 3.62
29 39 2.09
30 54 1.37
32 48 1.52
33 53 1.97
33 55 4.51
35 44 3.3
35 58 1.14
36 49 4.92
39 57 2.05
40 46 3.57
40 56 2.61
41 44 3.7
42 45 1.01
46 59 3.26
47 48 2.83
49 56 2.68
49 57 1.21
52 57 4
