0 0
1 24.9677
2 10.7441
3 17.5722
4 20.511
5 14.1678
6 13.5391
7 23.2
8 29.2207
9 36.8091
10 22.1034
11 30.5108
12 38.5172
13 17.7459
14 26.4256
15 35.4707
16 32.9628
17 24.9207
18 17.8082
19 7.48838
20 30.0777
21 27.9707
22 5.15388
23 10.7529
24 18.3259
25 38.4192
26 29.2207
27 24.3036
28 8.45979
29 21.761
30 28.1115
31 28.8106
32 18.693
33 30.2899
34 21.497
35 10.4572
36 35.5743
37 28.42
38 29.7672
39 27.9707
40 35.2644
41 11.2549
42 10.3078
43 45.9093
44 16.5582
45 14.8147
46 44.5022
47 20.6033
48 22.2286
49 29.1285
50 33.6354
51 3.95285
52 31.5399
53 23.9161
54 21.8615
55 37.5201
56 35.5022
57 25.1756
58 10.2835
59 36.4983
