0 24.9677
1 0
2 14.2237
3 15.5849
4 21.5463
5 26.8608
6 11.4286
7 1.76777
8 12.0265
9 13.1066
10 47.0711
11 10.5178
12 29.8325
13 9.77167
14 6.73146
15 18.2765
16 11.5306
17 16.1079
18 18.8553
19 19.3343
20 15.052
21 10.7765
22 19.8138
23 27.4173
24 21.8731
25 33.526
26 12.0265
27 22.3164
28 27.3768
29 18.0652
30 27.7065
31 20.0608
32 6.27471
33 15.9629
34 21.9569
35 17.0604
36 10.6066
37 33.9019
38 26.4505
39 10.7765
40 15.5703
41 25.4086
42 35.2755
43 22.2067
44 20.1053
45 39.7824
46 23.07
47 16.0602
48 9.81024
49 11.9343
50 16.4412
51 22.8698
52 14.7129
53 22.3367
54 21.4565
55 24.8017
56 18.3081
57 7.98146
58 22.1294
59 15.0661
