0 10.7441
1 14.2237
2 0
3 20.7846
4 22.8502
5 14.604
6 2.79508
7 12.4559
8 23.1832
9 27.3303
10 32.8474
11 21.2059
12 40.8564
13 18.1822
14 20.9551
15 29.4332
16 22.2187
17 25.357
18 20.1474
19 10.7008
20 29.2757
21 25.0002
22 5.59017
23 13.1936
24 20.6651
25 40.7584
26 26.2502
27 27.516
28 18.7433
29 24.1002
30 30.4507
31 29.3098
32 7.94897
33 30.1866
34 10.7529
35 10.8935
36 24.8303
37 28.8562
38 32.1064
39 21.9332
40 29.794
41 21.5383
42 21.0518
43 36.4304
44 18.8974
45 25.5588
46 33.7582
47 17.7345
48 11.4845
49 26.158
50 30.6649
51 14.2363
52 28.9366
53 26.2553
54 24.2007
55 37.9564
56 32.5318
57 22.2051
58 13.4959
59 25.7543
