0 17.5722
1 15.5849
2 20.7846
3 0
4 21.1683
5 25.9441
6 17.9895
7 17.3527
8 11.6485
9 21.962
10 39.6755
11 16.8024
12 29.4545
13 20.1675
14 8.85345
15 17.8985
16 27.1155
17 15.1912
18 21.6401
19 10.0838
20 18.38
21 10.3985
22 18.1822
23 25.7856
24 22.6505
25 37.6363
26 11.6485
27 6.73146
28 18.1262
29 17.6872
30 27.3285
31 11.2384
32 21.8596
33 15.5849
34 21.5789
35 12.8789
36 19.462
37 33.5239
38 26.0725
39 10.3985
40 17.6923
41 20.9213
42 27.8799
43 31.0621
44 20.8828
45 32.3869
46 27.7701
47 24.4352
48 25.3951
49 11.5563
50 16.0632
51 13.6193
52 14.3349
53 21.9587
54 21.0785
55 24.4237
56 17.9301
57 7.60345
58 7.28869
59 30.651
