0 20.511
1 21.5463
2 22.8502
3 21.1683
4 0
5 26.2739
6 22.9373
7 22.2904
8 9.51972
9 27.2111
10 42.6144
11 14.6736
12 25.9118
13 19.2454
14 14.8148
15 15.7697
16 32.0532
17 20.2638
18 5.20285
19 20.0937
20 20.4796
21 16.3599
22 17.2601
23 18.095
24 5.72061
25 25.8139
26 17.6099
27 27.8997
28 12.0512
29 9.15569
30 15.5061
31 24.2166
32 17.7835
33 17.6846
34 21.9501
35 11.9568
36 25.4233
37 35.6235
38 17.1618
39 10.7697
40 23.6536
41 9.25615
42 30.8188
43 36.3112
44 3.95285
45 35.3257
46 33.7315
47 7.99793
48 14.2479
49 17.5176
50 22.0246
51 16.5582
52 18.9346
53 11.3108
54 9.25615
55 26.5234
56 23.8914
57 13.5648
58 17.5469
59 35.5888
