0 11 4
0 19 4
0 28 6.32
0 35 2
1 28 5.09
1 48 7.61
1 52 3.6
2 37 6.4
2 58 4.47
3 8 6.7
3 9 2.23
3 26 7.07
3 53 5.83
4 9 5
4 14 4.12
4 19 9.89
4 20 6.08
5 13 2.82
5 18 6.32
6 9 3.16
6 12 3.16
6 31 3.16
6 38 6.08
6 47 3.6
7 35 6.7
7 53 2.23
8 50 6.08
9 27 6.4
10 20 6.32
10 22 9.89
12 38 5.38
13 27 4.47
13 49 3.16
13 51 2.23
14 22 4.24
14 28 3
14 40 3.16
15 17 3.16
15 31 3.16
15 34 5.38
16 25 7.61
16 31 6
16 32 6.4
17 24 9.21
17 33 7.21
18 29 8.94
18 34 4.47
19 43 4.12
20 26 6.08
21 29 1.41
21 37 2.82
21 55 8.54
22 25 11.4
22 44 8.06
23 42 3.16
23 54 1.41
24 36 1
25 41 7
27 36 7
27 53 9.89
28 34 4
29 37 4.24
29 51 5.38
30 33 5.09
30 43 4.47
30 49 7
31 49 3.6
32 38 2.82
33 53 7.28
34 51 2.23
34 54 3.6
34 56 3.16
34 59 3
35 36 5
35 57 10
37 59 3
39 40 3.6
39 45 2.82
39 50 6.32
41 48 9.48
42 57 5
43 56 5
44 45 1.41
46 55 11.31
46 56 7.28
47 49 6.32
47 55 9.43
50 59 3
51 58 1.41
52 57 6.4
