0 19 1.26
0 28 4.39
0 35 1.44
1 28 3.55
1 48 3.8
1 52 2.03
2 58 4.45
3 8 2.15
3 9 3.27
3 26 2.35
4 9 2.58
4 14 3.22
5 18 1.24
6 9 1.22
6 12 1.72
6 31 2.93
6 38 4.05
6 47 4.26
7 35 4.45
7 53 2.34
8 50 4.54
9 27 2.66
10 20 3.32
12 38 1.31
13 27 1.08
13 49 1.64
13 51 3.2
14 40 2.5
15 31 3.17
15 34 1.08
17 24 2.54
17 33 3.85
18 29 3.45
21 29 3.29
21 55 2.07
23 42 3.27
23 54 2.9
25 41 2.86
29 37 2.31
29 51 3.26
30 49 2.24
31 49 3.24
33 53 3.39
34 54 1.78
34 59 1.42
35 36 2.7
35 57 2.01
37 59 3.13
39 50 2.64
41 48 1.24
42 57 4.29
46 56 3.18
50 59 1.38
51 58 2.22
