0 0
1 14.2625
2 23.0375
3 20.95
4 16.8
5 22
6 27
7 10.875
8 28
9 23.05
10 29.3125
11 5
12 30.95
13 18.475
14 11.65
15 19.625
16 31.075
17 21.5125
18 18.4875
19 5
20 24.4
21 23.925
22 16.95
23 19.1625
24 10
25 31.2
26 29.7875
27 17.5
28 7.9
29 22.4125
30 15.7375
31 23.575
32 38.125
33 22.1
34 12.9
35 2.5
36 8.75
37 20.4
38 34.6
39 20.1
40 15.6
41 35.625
42 21.25
43 10.15
44 25.3875
45 23.625
46 25.5
47 30.325
48 23.775
49 22.425
50 20.4
51 15.6875
52 18.7625
53 13.6625
54 17.4
55 34.6
56 16.4
57 15
58 17.45
59 16.65
