0 14.2625
1 0
2 21.5
3 24.3
4 15.2625
5 20.4625
6 25.4625
7 25.1375
8 26.4625
9 21.5125
10 27.775
11 19.2625
12 29.4125
13 16.9375
14 10.1125
15 18.0875
16 29.5375
17 22.0375
18 16.95
19 19.2625
20 22.8625
21 22.3875
22 15.4125
23 17.625
24 24.2625
25 29.6625
26 30.4625
27 22.525
28 6.3625
29 20.875
30 27.15
31 22.0375
32 36.5875
33 31.05
34 11.3625
35 16.7625
36 23.0125
37 18.8625
38 33.0625
39 18.5625
40 14.0625
41 21.3625
42 18.75
43 21.5625
44 23.85
45 22.0875
46 24.4125
47 28.7875
48 9.5125
49 20.8875
50 18.8625
51 14.15
52 4.5
53 27.925
54 15.8625
55 33.0625
56 15.3125
57 12.5
58 15.9125
59 15.1125
