0 23.0375
1 21.5
2 0
3 26.5125
4 24.0375
5 13.6625
6 22.5375
7 30.875
8 23.1
9 23.725
10 36.55
11 28.0375
12 26.4875
13 10.1375
14 18.8875
15 16.8625
16 26.0875
17 20.8125
18 15.725
19 25.4875
20 31.6375
21 11.525
22 24.1875
23 16.4
24 25.725
25 35.6
26 35.35
27 15.725
28 15.1375
29 13.2875
30 22.8375
31 18.5875
32 33.6625
33 29.2
34 10.1375
35 25.5375
36 24.475
37 8
38 30.1375
39 23.4
40 22.8375
41 42.8625
42 20.35
43 20.3375
44 28.6875
45 26.925
46 23.1875
47 21.9875
48 31.0125
49 14.0875
50 15.5
51 7.35
52 26
53 28.0875
54 14.6375
55 22.2
56 14.0875
57 26.6
58 5.5875
59 11.75
