0 20.95
1 24.3
2 26.5125
3 0
4 9.0375
5 19.9
6 6.7375
7 10.075
8 8.375
9 2.7875
10 24.3375
11 25.95
12 10.6875
13 16.375
14 14.1875
15 14.6375
16 18.1875
17 18.5875
18 26.95
19 21.4
20 16.4375
21 27
22 19.4875
23 27.625
24 20.7875
25 27.7
26 8.8375
27 10.7875
28 17.9375
29 25.8875
30 22.75
31 10.6875
32 17.8625
33 16.3875
34 21.3625
35 18.45
36 19.5375
37 23.475
38 14.3375
39 22.6375
40 18.1375
41 36.45
42 31.575
43 26.55
44 27.925
45 26.1625
46 34.4125
47 11.2375
48 33.8125
49 15.1875
50 15.975
51 19.1625
52 28.8
53 7.2875
54 25.8625
55 23.025
56 25.3125
57 30.95
58 20.925
59 19.725
