0 16.8
1 15.2625
2 24.0375
3 9.0375
4 0
5 23
6 10.2
7 19.1125
8 17.4125
9 6.25
10 15.5
11 21.8
12 14.15
13 19.475
14 5.15
15 18.1
16 21.65
17 22.05
18 19.4875
19 12.3625
20 7.6
21 24.925
22 10.45
23 20.1625
24 24.25
25 24.7
26 15.2
27 14.25
28 8.9
29 23.4125
30 23.1
31 14.15
32 21.325
33 25.425
34 13.9
35 19.3
36 23
37 21.4
38 17.8
39 13.6
40 9.1
41 33.45
42 24.1125
43 17.5125
44 18.8875
45 17.125
46 26.95
47 14.7
48 24.775
49 18.65
50 21.4
51 16.6875
52 19.7625
53 16.325
54 18.4
55 26.4875
56 17.85
57 27.7625
58 18.45
59 17.65
