0 16 6.40312
0 23 3.60555
0 36 7.2111
1 20 2
1 24 3.60555
2 15 3.60555
2 34 2
3 14 6.7082
3 18 9
3 20 2.23607
3 24 4
3 28 6.7082
4 13 6.08276
4 16 5
4 21 4.12311
4 26 4
4 29 7.81025
4 33 8.06226
5 11 3
5 29 7
5 33 2.23607
6 17 5.09902
6 21 4.47214
6 36 2.23607
6 37 4.24264
7 15 5.83095
7 21 5.09902
7 22 9.05539
8 10 4.47214
8 22 4.47214
9 18 5.09902
9 34 6
9 35 6.32456
10 26 6.08276
11 16 5.09902
11 28 5
12 13 10.2956
12 23 5.65685
13 16 4.24264
13 17 9.48683
13 37 1.41421
14 32 6.32456
17 18 9.43398
17 37 8.24621
18 30 2.23607
19 28 2
19 31 2.82843
19 35 4.47214
20 36 3.16228
21 25 8.544
21 37 1.41421
22 38 6.32456
25 27 5.65685
26 29 5.38516
26 32 5.83095
27 38 2.23607
28 39 1.41421
29 39 4.12311
30 34 3
32 38 7.28011
