0 1 4.47
0 27 1.41
0 52 8.6
0 53 5.09
1 16 7.28
1 25 9.48
1 33 3
2 10 6
2 14 1.41
2 40 3.16
3 14 7.61
3 51 4.12
4 15 6.32
4 17 2.23
4 28 1.41
5 12 11.4
5 13 8.06
5 19 6.32
6 17 6.7
6 34 4.24
7 22 5
7 33 4.47
7 59 3
8 18 6.08
8 29 2.23
8 35 8.6
9 24 8.48
9 37 5.83
9 49 7.81
10 43 4.24
10 45 6.4
10 46 8.48
10 59 6.08
11 20 5.65
11 43 5.09
12 33 2
12 52 9.84
12 57 8.54
13 34 7.81
13 56 6.4
14 39 1.41
14 43 5.65
15 44 6.4
15 50 1
15 53 3.6
16 18 7.81
16 36 3.6
16 52 2.23
18 44 8.24
18 59 10
19 46 4.47
19 57 5.38
20 26 6.7
21 29 9.84
21 33 2
21 42 6.32
22 48 4.47
23 47 8.06
23 58 3.6
24 28 5.38
24 58 6.7
25 32 5.09
25 38 5.83
26 39 8.06
26 56 8.06
27 33 6.7
27 37 2
29 51 7.61
30 38 5.38
30 54 2.82
31 32 9.21
31 35 2
32 34 8.06
32 46 1
36 48 2
36 49 8.06
36 55 3
37 41 2.82
40 47 5.09
41 52 2.82
42 50 3
45 48 4
46 47 2.82
46 54 7.07
46 55 6
50 55 4.12
51 55 6.4
51 59 7.07
55 58 2.82
56 57 2.23
