0 0
1 5.5875
2 33.775
3 30.4125
4 18.7625
5 26.0875
6 29.925
7 14.925
8 26.925
9 11.55
10 26.275
11 37.9375
12 11.8375
13 33.3
14 35.5375
15 10.8625
16 13.5375
17 21.55
18 23.3
19 29.2375
20 43.75
21 11.8375
22 21.175
23 25.2875
24 22.15
25 17.4375
26 35.375
27 1.7625
28 20.525
29 24.1375
30 31.45
31 35.3125
32 23.8
33 9.3375
34 33.875
35 37.675
36 18.0375
37 4.2625
38 24.725
39 37.3
40 34.65
41 7.7875
42 15.8625
43 31.575
44 18.8625
45 25.5375
46 24.7625
47 28.2875
48 20.5375
49 21.3125
50 12.1125
51 25.2625
52 10.75
53 6.3625
54 33.6
55 17.2625
56 25.3
57 22.5125
58 20.7875
59 18.675
