0 5.5875
1 0
2 28.1875
3 27.075
4 24.35
5 20.5
6 33.5875
7 9.3375
8 21.3375
9 17.1375
10 20.6875
11 32.35
12 6.25
13 27.7125
14 29.95
15 16.45
16 9.1
17 27.1375
18 18.8625
19 23.65
20 38.1625
21 6.25
22 15.5875
23 25.375
24 27.7375
25 11.85
26 29.7875
27 7.35
28 26.1125
29 18.55
30 25.8625
31 29.725
32 18.2125
33 3.75
34 28.2875
35 32.0875
36 13.6
37 9.85
38 19.1375
39 31.7125
40 29.35
41 13.375
42 14.15
43 25.9875
44 24.45
45 21.1
46 19.4625
47 22.9875
48 16.1
49 23.675
50 17.7
51 21.925
52 11.8875
53 11.95
54 28.3
55 17.35
56 19.7125
57 16.925
58 20.875
59 13.0875
