0 33.775
1 28.1875
2 0
3 11.275
4 35.6375
5 27.325
6 30.4625
7 18.85
8 28.725
9 42.6
10 7.5
11 15.1875
12 26.9375
13 31.675
14 1.7625
15 27.7375
16 27.5
17 38.425
18 27.6
19 19.425
20 21.975
21 26.9375
22 25.1
23 20.3875
24 33.2375
25 21.45
26 13.6
27 32.8125
28 37.4
29 25.9375
30 26.2
31 26.6
32 15.0875
33 24.4375
34 25.1625
35 29.1
36 23
37 35.3125
38 28.7375
39 3.525
40 3.95
41 33.8125
42 30.2375
43 8.825
44 35.7375
45 15.5
46 13.8375
47 10.3125
48 20.5
49 33.075
50 26.4875
51 16.425
52 30.2875
53 32.2375
54 22.675
55 21.3375
56 23.675
57 26.15
58 24.8625
59 15.1
