0 30.4125
1 27.075
2 11.275
3 0
4 27.45
5 34.1375
6 37.275
7 17.7375
8 17.45
9 35.65
10 18.775
11 22.9375
12 25.825
13 39.425
14 9.5125
15 19.55
16 21.4
17 30.2375
18 25.05
19 26.2375
20 29.725
21 25.825
22 23.9875
23 21.175
24 25.05
25 28.2625
26 21.35
27 31.7
28 29.2125
29 14.6625
30 33.0125
31 30.7
32 21.9
33 23.325
34 31.975
35 28.2
36 16.9
37 31.2375
38 35.55
39 11.275
40 15.225
41 27.7125
42 22.05
43 16.575
44 27.55
45 24.4
46 20.65
47 21.5875
48 19.4
49 26.975
50 18.3
51 5.15
52 24.1875
53 24.05
54 29.4875
55 13.15
56 31.425
57 32.9625
58 16.675
59 13.9875
