0 18.7625
1 24.35
2 35.6375
3 27.45
4 0
5 35.2875
6 11.1625
7 28.8875
8 33.8
9 19.0875
10 32.4
11 44.0625
12 25.8
13 26.225
14 36.9625
15 7.9
16 22.55
17 2.7875
18 26.2
19 27.3875
20 51.125
21 20.8
22 26.1375
23 21.3625
24 8.4875
25 29.4125
26 44.3
27 20.525
28 1.7625
29 31.8125
30 34.1625
31 34.5625
32 23.05
33 23.3
34 16.4625
35 37.0625
36 18.05
37 23.025
38 36.7
39 38.725
40 31.6875
41 26.55
42 12.9
43 37.7
44 15.9
45 25.55
46 21.8
47 25.325
48 20.55
49 28.125
50 9.15
51 22.3
52 25.3375
53 12.4
54 30.6375
55 14.3
56 34.225
57 34.1125
58 16.8625
59 31.1375
