0 29 6.32
0 65 6.08
0 69 4.24
1 24 2
1 79 6.08
2 3 9.21
2 27 6.08
2 32 4.12
2 52 3.6
3 7 7.81
3 35 9.43
3 65 5.65
4 50 1.41
4 59 1
4 67 7.07
5 9 2
5 13 2.82
5 43 5.38
6 8 4.12
6 26 2.82
6 28 4.12
7 21 2
7 68 8.6
7 72 5.09
7 77 8.06
8 13 1
8 26 2.23
9 51 4.12
9 64 1.41
9 66 4.47
10 37 2.82
10 71 4.12
11 35 1
11 41 6.32
11 60 6.08
11 71 9.21
12 57 4.12
12 62 1
13 36 2.23
13 63 2.23
13 72 5.65
14 30 5.65
14 36 5.38
14 44 1
14 72 1.41
14 77 7.81
15 48 3.16
15 79 5.83
16 18 5.83
16 55 2.82
16 60 3.16
17 19 3.6
17 52 8.6
17 54 6.4
18 69 4.47
19 70 2.23
19 75 3
20 30 1
20 68 4.12
21 51 3.6
21 59 5.09
21 74 9.43
22 47 5
22 59 7.07
22 67 5.38
22 73 5.09
23 25 1
23 35 8.54
23 39 9.21
23 75 4
24 33 3.6
25 62 7.07
27 52 5.65
28 38 6.32
28 62 1
28 67 1.41
28 71 6.7
29 40 3.6
31 41 8.6
31 61 8.06
31 75 10.29
32 34 1.41
32 41 5.83
33 49 5.38
33 55 1
34 47 5.65
34 66 3
34 74 7.07
36 45 3.16
36 46 1
37 58 6.08
37 59 9.21
38 42 9.89
38 57 4.12
38 60 7
38 78 2.23
39 43 4.12
40 45 4.47
41 42 7.07
44 56 7.07
44 57 2.23
46 66 5.83
47 64 2.23
47 67 1.41
47 73 8.54
48 63 5.09
49 78 8.24
52 71 5.38
53 55 7.21
53 61 2
54 64 2.82
54 70 6.7
55 58 8.24
56 77 4
58 76 9.05
59 76 12.72
60 72 1.41
63 66 4.12
67 76 9.21
74 76 9
