1 24 4.43
2 3 4.84
2 32 3.32
2 52 1.72
4 50 3.97
4 59 4.45
5 13 1.86
6 8 3.77
6 26 3.64
7 21 4.58
7 77 2.98
8 26 2.24
9 51 2.86
9 66 3.49
10 37 3.64
11 35 1.79
11 41 4.63
11 60 4.34
11 71 2.43
12 57 2.64
12 62 4.07
13 63 4.02
14 30 1.12
14 36 2.56
15 48 3.42
17 52 3.34
17 54 3.29
19 70 4.55
21 51 3.68
22 47 1.87
22 73 2.46
23 25 3.97
24 33 1
25 62 4.82
27 52 1.68
28 38 3.68
29 40 4.37
31 41 1.76
31 75 3.45
32 34 3.21
33 49 3.03
33 55 3.1
34 47 4.21
34 66 2.36
34 74 3.12
37 58 2.26
38 42 2.19
38 60 1.09
38 78 2.21
44 56 4.52
46 66 4.96
48 63 3.19
49 78 4.59
52 71 3.05
53 55 1.52
54 64 2.1
55 58 4.82
56 77 4.23
63 66 1.17
67 76 3.44
