0 0
1 29.95
2 26.175
3 14.6625
4 34.5375
5 28.25
6 31.125
7 24.425
8 25.975
9 30.75
10 42.55
11 27.7
12 34.8375
13 24.725
14 25.65
15 37.825
16 18.175
17 41.425
18 10.8875
19 45.875
20 33.9625
21 26.925
22 41.55
23 37.125
24 27.45
25 38.375
26 28.7625
27 33.775
28 36.275
29 7.9
30 32.7125
31 43.2875
32 31.325
33 22.95
34 33.0875
35 26.45
36 21.9375
37 39.6
38 30.875
39 40.125
40 12.4
41 35.6
42 43.2375
43 34.975
44 26.9
45 17.9875
46 23.1875
47 35.3
48 33.875
49 29.675
50 36.3
51 31.425
52 30.675
53 30.7125
54 36.0375
55 21.7
56 35.7375
57 29.6875
58 32
59 33.2875
60 22.125
61 33.2125
62 36.0875
63 27.5125
64 32.5125
65 7.6
66 30.475
67 37.0625
68 35.175
69 5.3
70 44.4125
71 37.4
72 23.8875
73 45.975
74 38.7125
75 42.125
76 43.3125
77 34.5
78 33.6625
79 37.55
