0 29.95
1 0
2 41.0125
3 33.6125
4 33.9625
5 28.075
6 30.95
7 23.85
8 25.8
9 30.575
10 29.675
11 23.325
12 28.4375
13 24.55
14 19.25
15 14.8875
16 11.775
17 43.8625
18 19.0625
19 44
20 27.5625
21 26.35
22 39.425
23 35.25
24 2.5
25 36.5
26 28.5875
27 48.6125
28 30.9375
29 37.85
30 26.3125
31 29.8375
32 35.8625
33 7
34 34.1
35 24.575
36 25.975
37 26.15
38 24.475
39 39.95
40 35.5125
41 31.225
42 36.8375
43 34.8
44 20.5
45 29.925
46 27.225
47 34.4625
48 18.8375
49 13.725
50 35.725
51 30.85
52 41.55
53 17.2625
54 35.8625
55 8.25
56 29.3375
57 23.2875
58 18.55
59 32.7125
60 15.725
61 19.7625
62 29.6875
63 25.2
64 32.3375
65 37.55
66 30.35
67 32.7
68 32.7125
69 24.65
70 44.2375
71 34.825
72 17.4875
73 45.1375
74 38.1375
75 40.25
76 29.8625
77 29.0125
78 24.025
79 7.6
