0 26.175
1 41.0125
2 0
3 11.5125
4 24.575
5 18.75
6 22.65
7 21.275
8 19.85
9 16.25
10 16.375
11 20.3375
12 20
13 18.6
14 25.925
15 26.125
16 31.375
17 15.25
18 37.0625
19 19.75
20 34.2375
21 23.775
22 20.225
23 28.5
24 40.65
25 27.5875
26 22.6375
27 7.6
28 17.5
29 33.2375
30 32.9875
31 23.1875
32 5.15
33 36.15
34 6.9125
35 21.5875
36 19.2
37 19.9
38 25.4
39 30.625
40 28.7375
41 12.4375
42 21.275
43 25.475
44 27.175
45 23.15
46 17.95
47 13.975
48 22.175
49 38.4875
50 26.3375
51 21.4
52 4.5
53 35.7625
54 20.2875
55 34.9
56 36.0125
57 25.15
58 27.5
59 25.825
60 27.425
61 33.2625
62 18.75
63 15.8125
64 16.7625
65 18.575
66 10.6625
67 15.7375
68 32.025
69 31.475
70 22.5375
71 11.225
72 25.6625
73 24.65
74 15.75
75 23.5
76 27
77 31.35
78 28.1875
79 33.4125
