0 14.6625
1 33.6125
2 11.5125
3 0
4 19.875
5 24.4125
6 29.5875
7 9.7625
8 24.4375
9 21.9125
10 27.8875
11 13.0375
12 27.075
13 23.1875
14 17.8875
15 36.2875
16 21.8375
17 26.7625
18 25.55
19 31.2125
20 25.6625
21 12.2625
22 27.4625
23 22.4625
24 31.1125
25 23.7125
26 27.225
27 19.1125
28 29.0125
29 22.5625
30 24.95
31 31.6875
32 16.6625
33 26.6125
34 18.425
35 11.7875
36 24.6125
37 30.1375
38 26.6375
39 33.975
40 27.0625
41 20.9375
42 29.775
43 31.1375
44 19.1375
45 28.5625
46 25.8625
47 25.4875
48 32.3375
49 33.3375
50 21.6375
51 16.7625
52 16.0125
53 34.375
54 27.2
55 25.3625
56 24.8375
57 21.925
58 35.6625
59 18.625
60 17.8875
61 36.875
62 28.325
63 25.975
64 23.675
65 7.0625
66 22.175
67 27.25
68 20.5125
69 19.9625
70 34
71 22.7375
72 16.125
73 33.825
74 24.05
75 27.4625
76 34.525
77 19.8375
78 29.425
79 41.2125
