0 34.5375
1 33.9625
2 24.575
3 19.875
4 0
5 17.65
6 15.75
7 10.1125
8 20.9
9 15.15
10 16.2875
11 25.8375
12 13.1
13 21.175
14 18.2375
15 34.275
16 22.1875
17 24.9125
18 29.475
19 28.075
20 26.0125
21 7.6125
22 10.0875
23 21.9375
24 31.4625
25 20.6875
26 19.275
27 32.175
28 10.6
29 38
30 25.3
31 37.4625
32 19.425
33 26.9625
34 17.6625
35 27.0875
36 23.9625
37 12.7625
38 18.5
39 29.525
40 33.5
41 26.7125
42 30.8625
43 24.375
44 19.4875
45 27.9125
46 25.2125
47 10.6
48 30.325
49 31.5875
50 1.7625
51 12.1125
52 25.7
53 34.725
54 16.9125
55 25.7125
56 25.1875
57 18.25
58 20.3625
59 1.25
60 18.2375
61 37.225
62 11.85
63 23.9625
64 13.3875
65 26.9375
66 20.7375
67 8.8375
68 20.8625
69 35.0625
70 25.2875
71 18.975
72 16.475
73 16.45
74 19.4
75 26.9375
76 17.15
77 20.1875
78 21.2875
79 41.5625
