0 26 2.82
0 30 5
0 41 5.09
0 46 5.38
0 52 8.6
0 54 6.32
1 21 2.23
1 33 1.41
1 43 8.94
1 59 5
2 16 1
2 49 7
3 6 1
3 28 4.12
4 8 5
4 41 2.23
4 52 2.23
5 12 2.23
5 32 6.4
6 14 3.6
6 18 7.28
6 29 5.09
6 48 6.08
7 45 6
7 49 2.23
7 54 8.48
7 57 10
8 58 2.82
9 16 10.29
9 33 5
9 51 8.48
10 19 7.07
10 22 5
10 51 5.09
11 34 7.28
11 35 6.08
11 47 2.23
12 54 5.09
13 20 5
13 40 3.6
14 21 2.82
14 37 9.48
15 24 9.43
15 27 1
15 34 2
15 47 8
16 19 3.16
17 46 3.16
17 55 9.21
18 48 7.21
18 51 6.32
18 55 1
20 51 5.83
21 29 1
22 42 1.41
22 58 4
23 25 6.08
23 36 5.09
23 39 8
24 28 4.47
24 43 5.09
24 53 8.06
25 28 6.4
25 40 7.21
25 43 9.21
26 36 6.32
26 41 3.16
26 51 5
27 41 5.09
28 45 5.09
28 49 5
29 38 7.07
30 36 8.06
30 38 8.54
31 44 5.83
31 48 4.24
31 56 2.82
32 35 3
34 37 2
35 49 5.09
39 50 6.4
40 42 4.12
43 47 1
44 52 3.6
44 59 6.32
45 56 7
47 49 7.21
50 58 4.12
53 55 3
57 59 3.6
