0 0
1 28.3875
2 30.0375
3 28.025
4 9.15
5 17.05
6 26.775
7 18.5
8 15.4
9 20.375
10 16.1375
11 25.575
12 14.2625
13 23.3125
14 30.5375
15 13.975
16 28.925
17 10.675
18 17.675
19 24.975
20 17.0625
21 27.0125
22 22.3875
23 17.7875
24 25.7625
25 25.3875
26 3.525
27 12.725
28 27.5375
29 25.7625
30 6.25
31 22.5375
32 25.05
33 26.625
34 16.475
35 27.65
36 11.425
37 18.975
38 16.925
39 27.7875
40 27.8125
41 6.3625
42 24.15
43 25.225
44 15.25
45 26
46 6.725
47 23.975
48 26.6875
49 21.2875
50 24.075
51 9.775
52 10.75
53 22.675
54 7.9
55 18.925
56 26.0625
57 27.65
58 18.925
59 23.15
