0 28.3875
1 0
2 22.125
3 11.65
4 21.4375
5 34.5625
6 10.4
7 23.25
8 27.6875
9 8.0125
10 24.975
11 15.2125
12 37.35
13 32.15
14 6.3125
15 22.425
16 20.875
17 32.2625
18 19.5
19 24.825
20 25.9
21 2.7875
22 31.225
23 30.2875
24 17.5375
25 22.6875
26 24.8625
27 23.675
28 16.8
29 4.0375
30 23.55
31 21.4375
32 26.5625
33 1.7625
34 20.6625
35 22.8125
36 32.7625
37 18.1625
38 12.875
39 40.2875
40 31.7
41 24.225
42 32.9875
43 11.175
44 14.15
45 23.1625
46 35.1125
47 12.425
48 18
49 21.4375
50 36.3625
51 18.6125
52 18.65
53 24.5
54 33.85
55 20.75
56 24.9625
57 10.75
58 31.2125
59 6.25
