0 30.0375
1 22.125
2 0
3 20.15
4 33.3875
5 26.8625
6 21.4
7 11.5375
8 28.8125
9 14.1125
10 14.0375
11 20.55
12 28.5
13 31.7
14 25.9
15 27.7625
16 1.25
17 40.7125
18 28.3
19 5.2
20 27.6875
21 24.9125
22 20.2875
23 30.6
24 20.5875
25 23
26 26.65
27 29.0125
28 15
29 26.1625
30 36.2875
31 31.3125
32 18.8625
33 20.3625
34 29.65
35 15.1125
36 34.55
37 32.15
38 35
39 38.4375
40 27.2
41 30.6
42 22.05
43 19.0125
44 36.275
45 19.0375
46 36.7625
47 17.7625
48 29
49 8.75
50 30.4375
51 20.4
52 36.175
53 30.6625
54 22.1375
55 29.55
56 27.7875
57 24.0375
58 25.2875
59 28.375
