0 28.025
1 11.65
2 20.15
3 0
4 28.725
5 29.5125
6 1.25
7 14.1875
8 34.975
9 19.6625
10 24.6125
11 21.1375
12 31.15
13 26.6625
14 5.75
15 22.525
16 21.4
17 23.1125
18 10.35
19 25.35
20 25.5375
21 8.8625
22 29.075
23 20.75
24 10.7375
25 13.15
26 24.5
27 23.775
28 5.15
29 7.6125
30 27.125
31 14.15
32 21.5125
33 13.4125
34 20.1
35 17.7625
36 27.1125
37 17.6
38 16.45
39 30.75
40 22.1625
41 28.45
42 27.3125
43 17.1
44 21.4375
45 11.5125
46 27.0625
47 18.35
48 8.85
49 11.4
50 38.75
51 18.25
52 25.9375
53 15.35
54 24.7875
55 11.6
56 17.675
57 22.4
58 34.075
59 17.9
