0 9.15
1 21.4375
2 33.3875
3 28.725
4 0
5 26.2
6 27.475
7 27.65
8 6.25
9 23.5875
10 19.35
11 22
12 23.4125
13 26.1875
14 27.25
15 10.4
16 32.1375
17 19.825
18 20.8875
19 28.1875
20 20.275
21 24.225
22 14.775
23 21
24 22.1875
25 28.6
26 6.7375
27 9.15
28 27.775
29 25.475
30 15.4
31 14.575
32 33.35
33 23.2
34 12.9
35 29.6
36 14.6375
37 15.4
38 26.075
39 22.925
40 21.6875
41 2.7875
42 16.5375
43 21.65
44 7.2875
45 26.85
46 15.875
47 20.4
48 19.875
49 29.4125
50 14.925
51 12.9875
52 2.7875
53 25.8875
54 17.05
55 22.1375
56 18.1
57 19.6875
58 9.775
59 15.1875
