0 2 6.08
0 9 3.16
0 16 4.47
0 18 5
0 50 3.6
0 57 2.23
1 31 9.43
1 49 8.48
2 38 6
2 57 5.09
3 23 7.21
3 39 1.41
4 5 6.4
4 38 4.47
5 13 8
5 39 4.24
6 7 5.38
6 22 3
7 15 1.41
7 48 4.12
8 11 2.23
8 28 4
8 34 4.47
8 41 5.09
8 45 2
8 53 1
9 10 3.16
9 30 3.6
9 42 6.4
10 43 1
11 18 9.48
12 20 3.16
12 48 5.09
13 23 8.94
14 32 2.82
14 52 3.6
15 41 4.47
15 43 5.38
15 47 4.12
16 37 7.07
16 39 5.09
17 37 5
17 52 8.94
17 54 8.94
18 21 2.23
18 33 4.24
19 20 3.16
19 21 6.08
20 29 7.28
20 57 3.16
22 25 5.09
22 28 5.65
23 28 6
24 56 2
24 59 1
25 28 3.16
26 27 8.06
26 41 10
26 42 7.81
27 40 9
28 42 1
29 51 5.65
29 55 7
30 36 5
31 46 6.4
32 37 5.65
32 38 4.12
32 41 2
32 44 7.28
33 44 9.05
34 37 5.09
34 50 5
35 36 4.12
35 47 4.47
36 38 2.23
37 43 2.23
38 47 4.47
39 43 7.28
40 50 3.6
42 51 3.6
43 46 7.07
43 59 7.21
45 54 3
45 58 7.21
46 56 3.6
48 50 1.41
48 58 5.38
49 54 6.32
53 55 6.32
55 56 6.08
