0 16 1.18
0 50 2.23
1 31 4.67
1 49 4.46
2 57 1.31
3 23 2.65
4 5 4.94
5 13 3.76
6 7 4.18
6 22 3.08
7 15 4.74
7 48 2.82
8 11 4.45
8 34 3.59
8 41 4.85
8 45 3.38
8 53 1.36
9 30 3.63
9 42 2.72
10 43 1.8
11 18 2.9
12 20 2.81
12 48 2.56
14 32 3.67
14 52 1.02
15 41 4.46
15 43 3.94
15 47 1.19
16 39 2.87
18 21 1.05
20 57 2.58
22 28 3.51
23 28 4.74
25 28 2.19
26 41 2.08
26 42 1.24
27 40 2.67
28 42 3.99
30 36 2.13
31 46 2.57
32 37 3.59
32 41 2.47
32 44 4.95
37 43 4.04
39 43 3.2
40 50 4.73
43 46 3.59
45 54 2.08
45 58 1.55
46 56 3.31
48 58 4.56
49 54 3.02
53 55 1.47
55 56 2.03
