0 0
1 37.775
2 7.6
3 13.7125
4 20.6875
5 17.25
6 18.1375
7 11.4125
8 16.3375
9 3.95
10 7.9
11 18.1
12 10.6875
13 27.25
14 22.525
15 13.175
16 5.5875
17 18.1875
18 6.25
19 10.6875
20 6.7375
21 9.0375
22 20.2625
23 20.7
24 19.4125
25 17.15
26 21.7125
27 20.25
28 13.2
29 15.8375
30 8.45
31 25.9875
32 19
33 11.55
34 10.75
35 19.85
36 14.7
37 11.9375
38 15.1
39 11.95
40 9
41 18.7625
42 11.95
43 9.15
44 22.8625
45 18.8375
46 17.9875
47 18.325
48 6.2625
49 30.4875
50 4.5
51 16.45
52 27.025
53 17.5875
54 22.5875
55 24.5875
56 21.9125
57 2.7875
58 12.9875
59 18.1625
