0 37.775
1 0
2 45.375
3 39.4875
4 44.35
5 43.025
6 40.5625
7 37.1125
8 24.75
9 33.825
10 29.875
11 27.5375
12 44.35
13 48.425
14 37.1375
15 35.35
16 40.25
17 29.675
18 39.3875
19 48.4625
20 44.5125
21 42.175
22 36.8125
23 37.25
24 26.7875
25 33.7
26 40.7625
27 50.8375
28 29.75
29 40.6375
30 38.325
31 11.7875
32 33.6125
33 44.6875
34 30.3375
35 46.0875
36 41.55
37 31.4125
38 38.7625
39 37.725
40 41.0875
41 31.1125
42 31
43 28.625
44 42.7125
45 22.25
46 19.7875
47 40.5
48 37.9875
49 10.6
50 36.5875
51 35.5
52 40.85
53 26
54 18.5
55 31.8875
56 24.2875
57 40.5625
58 31.2625
59 28.0375
