0 7.6
1 45.375
2 0
3 21.3125
4 13.0875
5 21.0875
6 25.7375
7 19.0125
8 21.5125
9 11.55
10 15.5
11 24.3
12 14.2625
13 31.0875
14 16.175
15 18.2375
16 13.1875
17 25.7875
18 13.85
19 14.2625
20 10.3125
21 16.6375
22 27.8625
23 28.3
24 27.0125
25 24.75
26 27.65
27 27.85
28 20.8
29 19.4125
30 16.05
31 33.5875
32 12.65
33 19.15
34 18.35
35 15.4375
36 10.2875
37 19.5375
38 7.5
39 19.55
40 16.6
41 15.15
42 19.55
43 16.75
44 21.75
45 24.0125
46 25.5875
47 13.0875
48 13.8625
49 35.6625
50 12.1
51 24.05
52 20.675
53 22.7625
54 27.7625
55 28.1625
56 29.5125
57 6.3625
58 20.5875
59 25.7625
