0 13.7125
1 39.4875
2 21.3125
3 0
4 15.0625
5 7.0625
6 26.075
7 19.35
8 21.5125
9 16.0625
10 12.1125
11 24.3
12 24.4
13 17.0625
14 24.2375
15 17.5875
16 8.125
17 19.9
18 19.9625
19 24.4
20 20.45
21 22.75
22 23.575
23 9.0125
24 21.125
25 20.4625
26 27.525
27 33.9625
28 16.5125
29 29.325
30 20.5625
31 27.7
32 20.7125
33 25.2625
34 20.0125
35 28.325
36 23.4375
37 13.65
38 20.65
39 1.7625
40 22.7125
41 23.175
42 17.7625
43 10.8625
44 29.8125
45 24.0125
46 19.7
47 22.7375
48 19.975
49 35.6625
50 18.2125
51 22.2625
52 28.7375
53 22.7625
54 27.7625
55 30.6625
56 23.625
57 16.5
58 26.7
59 19.875
