0 20.6875
1 44.35
2 13.0875
3 15.0625
4 0
5 8
6 24.8125
7 18.0875
8 19.6
9 19.125
10 21.8375
11 22.3875
12 27.35
13 18
14 14.2625
15 16.325
16 19.6625
17 24.05
18 26.9375
19 27.35
20 23.4
21 29.725
22 28.5625
23 24.075
24 30.85
25 28.55
26 25.7375
27 35.8125
28 24.6
29 32.5
30 14.625
31 37.425
32 10.7375
33 31.15
34 24.1625
35 13.525
36 8.375
37 17.8
38 5.5875
39 13.3
40 29.5
41 13.2375
42 25.85
43 20.5875
44 19.8375
45 22.1
46 29.425
47 11.175
48 23.2375
49 33.75
50 25
51 30.35
52 18.7625
53 20.85
54 25.85
55 28.75
56 33.35
57 19.45
58 29.9625
59 29.6
