0 2 7.28
0 8 9.05
0 10 6
0 27 3.16
1 6 9.43
1 17 6
2 15 5.83
3 19 6.32
3 29 3.16
4 11 9.21
4 15 8.06
4 26 7.07
5 6 4.12
5 7 3
5 14 6.08
5 20 3.16
6 38 7.07
7 21 3
8 32 9
8 33 6
9 18 1
9 20 8.54
9 22 7.61
10 24 9.43
10 26 4
10 38 8.6
11 35 3.16
12 17 6.32
12 23 4.47
12 37 4.24
13 22 8.06
13 34 2.23
13 38 2.23
14 20 3
15 22 4.12
15 28 8.6
15 30 4
15 38 6.4
16 28 5.38
16 39 4.12
17 34 9.21
18 22 7.28
18 31 5.38
18 32 8
19 23 5.38
19 29 3.16
21 25 1
22 28 8.06
23 26 4.12
23 39 5.09
24 33 8.06
24 35 4.47
25 31 5.09
26 30 5.38
26 37 3
27 37 5.38
29 36 6.4
31 36 2.23
36 37 7.61
36 39 5.83
