0 10 4.12311
0 36 7.28011
0 40 2.82843
0 53 2.23607
1 16 7.28011
1 48 8.06226
1 69 4.12311
2 25 3.60555
2 30 7.81025
2 49 6.7082
3 15 8.06226
3 42 2.23607
3 69 3.16228
4 18 2.82843
4 33 4.24264
4 34 4
4 45 1.41421
4 63 9.21954
5 24 5.09902
5 59 6.7082
5 61 5.38516
6 30 5
6 40 4.12311
6 77 3
7 51 3
7 64 5.38516
7 68 5.38516
8 14 10.2956
8 26 9.21954
9 38 5
9 55 1.41421
10 27 2.23607
10 28 6.32456
10 37 3.60555
10 67 7.81025
11 59 7.28011
11 65 8
12 56 4.47214
12 79 6.7082
13 21 7
13 78 7.07107
14 15 3.16228
14 70 3.16228
16 28 2.82843
16 77 6.7082
17 19 3
17 20 8.94427
17 63 9.43398
17 77 8.24621
18 40 2
18 69 4.12311
18 77 5.65685
19 57 2
19 68 5
20 54 8
21 56 5.38516
22 52 6
22 72 8.06226
22 73 8.60233
23 38 2.23607
23 67 8.544
23 76 2.23607
24 31 3.16228
24 44 3
24 67 8.06226
25 66 6.7082
26 62 5.09902
27 47 8.544
27 63 5
27 79 1.41421
28 42 9.84886
28 43 7.2111
29 32 5.09902
29 51 2
30 46 4.12311
31 47 5.65685
31 70 2.23607
32 33 4.24264
32 69 5
34 46 3.60555
34 58 5.38516
34 71 7.07107
35 36 7.81025
35 50 2.82843
35 56 4.12311
37 47 10.8167
37 60 7.61577
38 49 3.16228
39 44 8.48528
39 65 7
41 70 8.48528
41 71 2.82843
42 78 7.28011
43 47 6.32456
43 50 5
44 74 3.60555
45 57 5
46 64 7.28011
47 71 7.28011
48 54 6.08276
48 73 7.61577
51 68 2.82843
51 74 2.23607
52 72 10.6301
52 76 3.60555
54 76 4.47214
55 58 6.32456
56 61 3.60555
57 60 1
59 69 5
60 62 4.12311
61 77 7.2111
62 75 5.09902
63 74 4
64 68 4
64 77 3.16228
66 73 2
70 77 7.07107
72 73 8.544
75 78 1.41421
