0 10 1.98
0 36 3.21
1 48 4.56
2 25 3.12
2 49 1.44
4 33 3.5
4 45 4.79
5 24 2.16
5 59 4.38
5 61 1.43
6 30 1.51
6 40 1.04
7 51 2.14
7 64 4.64
7 68 2.01
8 14 1.84
8 26 1.41
9 38 1.13
9 55 4.44
10 27 4.87
10 37 3.87
10 67 3.58
11 59 3.26
11 65 2.58
12 56 4.84
13 21 4.77
13 78 4.71
14 15 4.12
16 28 3.04
16 77 3.3
17 19 2.05
17 20 3.05
17 63 4.9
17 77 3.49
18 40 2.62
18 69 4.33
19 57 2.95
19 68 2.05
21 56 4.18
22 52 1.88
23 38 3.89
23 67 3.92
23 76 3.69
24 31 2.63
24 44 3.83
24 67 2.46
26 62 4.23
27 47 3.8
27 79 1.77
28 42 3.81
29 32 1.07
31 70 3
32 33 3.44
34 46 4.57
34 58 4.06
35 36 3.81
35 56 2.16
37 60 3.74
41 70 3.28
41 71 1.71
42 78 3.51
43 47 2.37
43 50 2.54
45 57 2.71
46 64 3.06
48 54 1.05
48 73 2.23
51 68 2.66
51 74 3.04
52 72 2.78
52 76 3.97
54 76 3.67
55 58 2.45
56 61 3.11
59 69 2.32
60 62 1.02
61 77 1.82
62 75 4.58
63 74 2.46
64 77 3.55
66 73 3.72
70 77 4.15
72 73 1.57
75 78 3.95
