0 0
1 0
2 0
3 0
4 0
5 9.29
6 2.42
7 4.03
8 9.77
9 6.62
10 3.14
11 6.83
12 3.82
13 0
14 6.96
15 0
16 0
17 9.33
18 5.38
19 0
20 0
21 0
22 0
23 1.11
24 0
25 0
26 0
27 0
28 9.12
29 3.98
30 2.52
31 8.6
32 9.41
33 0
34 4.87
35 5.18
36 2.01
37 9.72
38 6.2
39 1.3
40 0
41 0
42 0
43 6.33
44 9.33
45 1.08
46 1.49
47 5.17
48 0
49 6.13
50 8.46
51 8.37
52 1.28
53 6.83
54 0
55 5.06
56 1.35
57 0
58 9.89
59 6.68
60 0
61 0
62 3.38
63 9.59
64 0
65 1.47
66 0
67 6.15
68 1.04
69 0
70 0
71 3.21
72 3.19
73 1.46
74 0
75 3.11
76 0
77 4.56
78 3.5
79 0
