0 0
1 16.3433
2 24.7022
3 15.1423
4 9.57107
5 25.8247
6 8.68942
7 23.1237
8 38.1006
9 30.976
10 5.15388
11 26.5396
12 18.102
13 35.8763
14 25.2311
15 25.2201
16 16.5951
17 22.7472
18 6.03553
19 20.0888
20 33.9275
21 30.4236
22 40.3987
23 25.5967
24 24.9945
25 29.2092
26 30.3665
27 7.94897
28 13.0596
29 23.8132
30 14.9394
31 24.0733
32 17.4394
33 14.8744
34 14.5711
35 18.8629
36 9.10014
37 9.66082
38 28.3918
39 34.3125
40 3.53553
41 26.9454
42 17.9373
43 22.0735
44 23.7059
45 11.3388
46 19.078
47 18.629
48 26.4211
49 32.3446
50 22.3985
51 21.9941
52 32.8987
53 2.79508
54 33.982
55 29.2082
56 23.6922
57 17.5888
58 21.3025
59 17.4394
60 18.8388
61 21.4533
62 23.9927
63 14.199
64 16.3923
65 36.5396
66 37.5944
67 14.9167
68 21.3923
69 11.1894
70 21.2783
71 23.4099
72 46.1864
73 35.9408
74 19.199
75 28.8053
76 28.3918
77 12.4394
78 27.0375
79 9.71673
