0 16.3433
1 0
2 33.9745
3 9.10673
4 13.8433
5 19.7891
6 17.9616
7 24.0277
8 36.0069
9 35.1116
10 20.5414
11 20.504
12 33.4895
13 29.8408
14 23.1374
15 19.1846
16 9.10014
17 27.6866
18 10.3078
19 24.3611
20 27.6813
21 37.6311
22 30.3504
23 26.0665
24 26.1629
25 30.4828
26 34.6387
27 23.3365
28 12.6357
29 17.7777
30 24.2116
31 29.0128
32 11.4039
33 16.7072
34 18.8433
35 31.4351
36 25.4434
37 25.0483
38 28.8616
39 38.1863
40 12.8078
41 31.2177
42 11.9018
43 21.6495
44 27.5797
45 15.6111
46 23.3502
47 29.5552
48 10.0778
49 32.8145
50 27.8995
51 20.2777
52 27.7784
53 19.1384
54 17.6813
55 33.4804
56 30.8996
57 21.8611
58 25.5748
59 11.4039
60 23.1111
61 26.3927
62 28.2649
63 25.3677
64 21.3317
65 30.504
66 22.0975
67 30.3042
68 23.8132
69 5.15388
70 26.2177
71 27.6821
72 30.2775
73 19.5975
74 23.0727
75 22.7697
76 23.2714
77 17.3788
78 21.002
79 25.1042
