0 24.7022
1 33.9745
2 0
3 32.7734
4 24.4236
5 35.5081
6 16.0128
7 30.4471
8 45.424
9 18.5881
10 29.8561
11 44.1707
12 38.8738
13 48.7651
14 32.5545
15 36.5073
16 28.1481
17 30.0706
18 23.6667
19 33.8206
20 33.5184
21 40.0151
22 26.1451
23 15.1332
24 35.3496
25 4.50694
26 45.2191
27 32.6512
28 31.6836
29 34.7512
30 9.76281
31 31.3967
32 35.0302
33 29.7269
34 19.4236
35 38.4375
36 33.8024
37 34.363
38 12.3381
39 49.7062
40 21.1667
41 31.798
42 35.5685
43 40.6975
44 39.0996
45 26.1914
46 14.9167
47 37.3626
48 24.9119
49 8.38525
50 41.973
51 32.2512
52 22.4352
53 27.4973
54 23.5184
55 20.3559
56 33.2836
57 32.4414
58 26.1551
59 35.0706
60 33.6914
61 28.7767
62 38.8453
63 35.9481
64 23.7157
65 54.1707
66 12.8922
67 25.8132
68 28.7157
69 28.8206
70 28.6016
71 28.2625
72 26.0722
73 15.3922
74 35.0463
75 45.2191
76 17.9283
77 19.7628
78 44.6686
79 34.419
