0 15.1423
1 9.10673
2 32.7734
3 0
4 12.6423
5 18.5881
6 16.7606
7 22.8266
8 26.9002
9 34.0472
10 20.2961
11 19.303
12 33.2443
13 20.7341
14 14.0307
15 10.0778
16 18.2069
17 26.4856
18 9.10673
19 23.16
20 36.788
21 29.4841
22 39.4572
23 35.1733
24 24.7314
25 37.2804
26 26.4105
27 23.0912
28 15.1062
29 16.5766
30 23.0106
31 20.7786
32 10.2028
33 15.5061
34 17.6423
35 33.9056
36 24.2424
37 24.8031
38 37.9683
39 36.9852
40 11.6067
41 28.5901
42 2.79508
43 24.12
44 26.3786
45 14.41
46 22.1492
47 27.8497
48 19.1846
49 41.1587
50 30.37
51 19.0766
52 36.8851
53 17.9373
54 26.788
55 32.2794
56 29.6986
57 20.66
58 24.3737
59 10.2028
60 21.91
61 25.1917
62 20.0368
63 24.1667
64 20.1306
65 29.303
66 31.2043
67 30.059
68 22.6122
69 3.95285
70 17.9835
71 26.4811
72 39.3843
73 28.7043
74 21.8717
75 13.663
76 32.3782
77 16.1778
78 11.8952
79 24.859
