0 9.57107
1 13.8433
2 24.4236
3 12.6423
4 0
5 23.3247
6 11.1894
7 21.2909
8 32.3199
9 21.4049
10 14.7249
11 24.0396
12 27.6731
13 31.402
14 23.3983
15 22.7201
16 18.9919
17 14.2678
18 3.53553
19 10.5178
20 25.4481
21 30.8589
22 44.1937
23 30.45
24 24.7814
25 28.9306
26 20.7954
27 17.52
28 22.5274
29 16.9804
30 14.6608
31 22.2405
32 10.6066
33 5.3033
34 5
35 28.434
36 18.6712
37 18.7875
38 27.6549
39 31.638
40 6.03553
41 17.3744
42 15.4373
43 30.8447
44 21.0314
45 1.76777
46 9.50694
47 22.939
48 23.9211
49 31.6078
50 31.9696
51 19.3195
52 37.752
53 12.3662
54 31.5246
55 19.6372
56 24.1274
57 8.01777
58 11.7315
59 14.9394
60 9.26777
61 19.6205
62 14.4216
63 11.5244
64 14.5594
65 34.0396
66 35.9408
67 24.4878
68 16.7678
69 8.68942
70 19.4454
71 13.8388
72 44.1208
73 33.4408
74 16.5244
75 20.7954
76 33.2451
77 10.6066
78 22.5632
79 19.2878
