0 34 8.06
0 41 5
0 73 5
1 29 3.16
1 30 6.32
2 8 2
2 43 2.23
3 17 5.83
3 38 5.09
4 36 2.23
4 49 3
4 50 3
5 21 5.38
5 48 8.06
6 45 5.09
6 48 8.54
7 8 4.12
7 23 3.6
7 32 1
7 44 5.38
7 66 3.6
8 53 5.38
9 23 4.24
9 60 3
9 67 5.38
10 64 5.09
10 70 8.06
11 34 9.43
11 61 8
11 66 6
12 19 3.6
12 41 5.38
12 57 6.7
13 45 1
13 79 6.08
14 17 9.21
14 63 6.4
14 67 1.41
14 75 4.24
15 19 6.08
15 63 3.16
16 50 8.94
16 71 3.6
16 75 9
17 33 2.23
18 47 8.94
18 55 1
18 59 8.94
19 71 4.24
20 43 4.12
20 62 1
21 27 2.23
21 46 3.6
22 24 5.83
22 76 4.12
23 62 7
24 34 10.63
24 65 7.07
25 27 1
25 44 9.05
25 54 6.08
26 30 2.82
26 55 3.16
26 74 5.38
27 53 5.09
28 38 1
28 63 3
28 66 5
29 73 2.82
30 56 5.38
30 58 6.4
31 72 6.08
31 74 2.23
32 72 6.32
33 68 5.09
35 46 5.65
35 77 7.28
36 77 6
37 60 2.23
37 76 7
39 54 2.82
39 64 6.08
40 49 5.83
40 53 5
40 71 1
42 59 7.28
42 61 9.21
43 51 3.16
44 55 9.43
44 56 2.82
44 79 6.7
45 53 8.6
45 55 4.47
46 47 3
48 63 4.47
49 51 5.38
50 57 6.4
50 71 5.38
51 53 8.48
51 67 5.09
52 58 6.32
52 78 7.21
53 63 4.12
54 55 7.07
54 65 5
55 62 7.07
55 75 10
56 65 5.09
57 71 2
58 68 5.38
60 65 1
60 69 4.24
61 63 8.24
61 78 7.07
64 77 8
67 72 7.28
67 74 7.28
67 79 4
69 70 5.65
78 79 9.43
