0 34 4.96
0 41 2.64
1 29 4.4
2 8 4.97
3 38 4.72
4 49 4.2
5 21 1.86
5 48 3.07
6 45 1.37
7 8 2.85
7 32 1.74
8 53 4.25
9 23 4.6
9 60 1.69
11 61 4.82
11 66 2.27
12 41 1.81
13 79 3
14 17 3.96
14 75 1.4
15 19 3.53
15 63 2.7
17 33 3.53
18 55 1.66
18 59 4.88
20 62 3.94
21 46 1.62
24 65 1.91
26 55 2.29
27 53 4.58
28 38 3.08
29 73 1.27
30 56 3.23
31 74 3.55
33 68 2.33
35 77 2.17
37 60 1.58
39 54 2.77
39 64 1.47
40 53 2.2
43 51 2.11
44 55 3.47
44 56 4.26
44 79 4.57
48 63 1.46
50 57 1.59
51 67 2.18
53 63 3.02
54 55 4.93
54 65 3.98
55 75 1.74
56 65 3.52
57 71 2.84
58 68 3.91
60 69 1.14
61 78 3.08
64 77 2.65
67 72 1.92
67 79 1.7
69 70 4.29
