0 0
1 13.725
2 39.5
3 40.3875
4 33.1
5 44.6875
6 41.05
7 33.8625
8 37
9 37.2
10 55.425
11 21.8625
12 12.975
13 35.9375
14 37.025
15 25.075
16 27.275
17 45.5
18 30.35
19 17.475
20 39.1875
21 39.425
22 30.65
23 38.3625
24 23.3625
25 37.8875
26 25.15
27 36.6375
28 32.775
29 9.775
30 21.625
31 34.6625
32 35.1125
33 42.7125
34 10.075
35 50.9875
36 35.8875
37 36.2375
38 34.025
39 41.4625
40 24.025
41 6.25
42 43.375
43 41.9875
44 31.875
45 34.6875
46 43.925
47 41.525
48 34.6125
49 31.3125
50 29.35
51 38.0375
52 37.525
53 30.275
54 37.9375
55 29.1
56 28.35
57 21.35
58 29.625
59 41.525
60 33.45
61 31.8625
62 37.9375
63 29.025
64 49.0625
65 32.2
66 29.3625
67 38.7875
68 36.35
69 38.75
70 45.8125
71 22.775
72 42.2625
73 6.25
74 31.875
75 38.525
76 35.8
77 43.3875
78 40.7
79 40.25
