0 13.725
1 0
2 32.525
3 39.0625
4 44.0875
5 40.225
6 27.325
7 24.875
8 30.025
9 25.9875
10 41.7
11 35.5875
12 26.7
13 22.2125
14 29.0125
15 38.8
16 39.125
17 31.775
18 16.625
19 31.2
20 25.4625
21 33.5
22 37.1125
23 29.375
24 29.825
25 29.4625
26 11.425
27 30.7125
28 35.625
29 3.95
30 7.9
31 20.9375
32 26.125
33 28.9875
34 23.8
35 38.6125
36 46.875
37 25.025
38 36.875
39 27.7375
40 37.75
41 19.975
42 36.9
43 30.6125
44 18.15
45 20.9625
46 31.55
47 27.8
48 38
49 40.3375
50 43.075
51 33.6125
52 23.8
53 31.7125
54 24.2125
55 15.375
56 14.625
57 35.075
58 15.9
59 27.8
60 22.2375
61 41.65
62 24.2125
63 36.8625
64 35.3375
65 20.9875
66 29.375
67 27.25
68 22.625
69 27.5375
70 34.6
71 36.5
72 28.5375
73 7.475
74 18.15
75 27.875
76 33.775
77 45.3375
78 32.8125
79 26.525
