0 39.5
1 32.525
2 0
3 25.7375
4 17.2125
5 25.1
6 26.3375
7 7.65
8 2.5
9 17.45
10 41.925
11 19.65
12 26.525
13 21.225
14 14.8625
15 18.325
16 21.225
17 26.375
18 19.275
19 22.025
20 7.9375
21 18.375
22 37.8875
23 12.15
24 31.2875
25 16.8375
26 21.975
27 15.5875
28 18.125
29 36.475
30 24.625
31 24.4
32 8.9
33 29.1625
34 31.4375
35 29.9375
36 20
37 23.9875
38 19.375
39 27.9625
40 15.475
41 33.25
42 36.1875
43 2.7875
44 14.375
45 19.975
46 22.875
47 26.625
48 19.9625
49 13.4625
50 20.9625
51 6.7375
52 38.9
53 9.225
54 24.4375
55 18.025
56 17.9
57 19.225
58 32.625
59 30.45
60 21.2
61 24.675
62 9.1875
63 14.375
64 35.5625
65 22.45
66 12.15
67 13.1
68 35.525
69 26.5
70 33.5625
71 16.725
72 16.8
73 40
74 22.2
75 20.1625
76 32.7375
77 27.5
78 29.8875
79 18.1
