0 40.3875
1 39.0625
2 25.7375
3 0
4 33.8
5 27.025
6 27.625
7 18.3625
8 23.2375
9 27.2875
10 49.2125
11 21.3625
12 27.4125
13 28.5125
14 18.8
15 15.3125
16 28.5125
17 7.2875
18 34.1
19 22.9125
20 32.8625
21 25.6625
22 47.725
23 22.8625
24 41.125
25 24.125
26 34.6875
27 22.875
28 7.6125
29 43.0125
30 31.1625
31 32.45
32 19.6125
33 10.075
34 33.15
35 37.225
36 36.5875
37 33.825
38 6.3625
39 35.25
40 22.7625
41 34.1375
42 33.175
43 28.525
44 25.0875
45 27.2625
46 30.1625
47 33.9125
48 16.95
49 30.05
50 30.7375
51 26.925
52 31.0625
53 16.5125
54 31.725
55 32.85
56 28.6125
57 26.5125
58 23.1625
59 42.275
60 31.0375
61 21.6625
62 31.6125
63 11.3625
64 42.85
65 32.2875
66 13.8625
67 20.5625
68 16.4375
69 36.3375
70 43.4
71 24.0125
72 27.5125
73 46.5375
74 29.6625
75 24.1
76 42.575
77 44.0875
78 30.5
79 25.5625
