0 33.1
1 44.0875
2 17.2125
3 33.8
4 0
5 33.1625
6 34.4
7 24.8625
8 19.7125
9 23.5625
10 26.65
11 36.8625
12 20.125
13 29.2875
14 18.6
15 23.375
16 14.925
17 30.1125
18 30.9125
19 15.775
20 19.575
21 26.4375
22 44
23 28.8625
24 37.4
25 24.9
26 32.6625
27 23.65
28 26.1875
29 42.875
30 36.1875
31 28.725
32 26.1125
33 32.9
34 43.175
35 19.3875
36 2.7875
37 30.1
38 27.4375
39 27.8875
40 11.0375
41 26.85
42 44.25
43 14.425
44 30.2125
45 28.0375
46 26.45
47 30.2
48 28.025
49 3.75
50 3.75
51 10.475
52 42.6375
53 17.2875
54 31.4125
55 29.6625
56 33.7375
57 11.75
58 44.1875
59 42.0875
60 27.3125
61 32.7375
62 20.825
63 22.4375
64 20.2875
65 28.5625
66 29.3625
67 16.8375
68 39.2625
69 32.6125
70 36.725
71 10.475
72 25.9375
73 39.35
74 25.9375
75 23.9
76 38.85
77 10.2875
78 33.625
79 21.8375
