0 25 3
0 30 7.21
0 34 2
1 2 5.83
1 19 7.21
1 26 7.28
2 33 1.41
2 35 5
2 38 5.38
3 14 9.05
3 16 2
3 37 5
4 18 2
4 38 2.23
5 17 6.32
5 22 7.07
6 15 1.41
6 16 7.07
6 32 7.28
7 11 7.81
7 15 4.47
7 20 4.47
7 30 8.06
8 14 5
8 18 4.12
8 20 6.08
8 27 6
9 28 8.48
9 31 9.89
10 25 5
10 38 3.16
11 20 7.28
11 34 8.94
12 37 5.65
12 39 7.61
13 26 4
13 28 9.89
14 28 6.08
14 30 5
15 17 7.61
16 32 3
17 21 7.21
18 38 1
19 24 2.23
20 23 5.83
20 25 4
21 24 6.08
21 39 5
22 29 9.89
23 35 3.6
23 37 1
24 28 10
24 30 9.89
26 37 3.16
27 31 9.48
27 39 7.61
29 36 2.23
31 39 6.32
33 36 6.7
33 39 1
