0 10 3
0 11 1.41
0 57 7.81
0 79 7.07
1 6 3
1 8 12.04
1 38 4.47
2 5 2.82
2 64 3.6
3 25 4.47
3 36 5.38
3 69 5.09
4 20 6.32
4 55 2.23
4 75 1
5 12 3.16
6 71 5.09
7 38 4
7 62 4.12
8 27 7.81
8 73 4.24
9 64 8.6
9 76 7.81
9 77 5
10 46 7.28
10 55 3.16
11 19 8.54
11 44 9.89
12 24 4.47
12 28 3.6
12 40 1.41
13 18 4
13 20 5.83
13 27 2.82
13 58 6.08
14 41 6.32
14 56 5.09
15 60 8.94
15 75 5
16 34 7.21
16 36 1
17 40 6.7
17 41 8.06
18 60 3.16
18 62 6.4
18 69 7.28
19 24 6.4
19 57 1.41
20 36 2
20 77 2.82
21 36 5.09
21 54 5.38
21 63 6.32
22 65 5
22 77 3.6
23 51 4.47
23 55 5.09
24 45 2
25 34 8.24
25 35 8.06
25 58 5.09
26 48 5
26 58 2.23
26 78 3
27 41 4
27 55 3
27 67 5.38
27 70 2.23
27 76 6.32
28 31 4.12
28 39 5.09
29 61 7.81
29 70 7.61
30 43 3.6
30 44 3.6
30 72 5.38
30 74 1
31 66 9.48
32 56 3.6
32 59 5.09
33 39 5.83
33 47 5
33 71 8.6
34 53 10.81
35 54 3.6
37 66 7.28
37 72 8.06
38 76 5.65
38 77 3.16
39 42 9.48
39 59 4.47
39 60 5
40 43 3.16
40 77 7.21
41 52 4.24
42 49 8
42 66 10.81
42 68 5
43 51 3.6
44 45 8.24
46 48 6.7
47 67 7.28
49 78 6
50 53 1
50 60 10.81
52 63 5.83
52 75 1
53 65 5.65
55 72 9.21
55 79 1
57 70 2.82
57 71 6.32
58 70 7.07
58 76 6.7
61 65 3.16
62 74 2.23
64 70 9.05
67 68 3.6
68 73 6.08
69 79 6.7
