0 11 1.32
0 57 2.66
0 79 3.88
1 8 4.96
1 38 1.35
2 5 4.54
2 64 3.99
3 25 2.4
3 36 4.61
3 69 4.6
4 75 3.43
7 38 1.49
8 73 1.29
9 64 4.14
9 77 2.74
10 55 2.61
11 44 1.53
12 24 1.1
12 40 2.04
13 18 2.14
13 20 1.16
13 58 3.51
14 56 2.91
16 34 4.09
17 40 1.05
19 24 2.17
20 36 3.65
20 77 1.62
21 36 3.48
21 63 4.01
23 55 3.58
25 58 3.42
26 58 1.28
26 78 3.2
27 55 2.88
27 76 1.84
28 31 2.42
28 39 4.84
29 61 3.31
29 70 4.22
30 72 3.67
31 66 2.28
32 59 3.44
33 47 3.84
33 71 2.59
35 54 4.96
38 76 2.87
38 77 3.23
39 42 2.05
39 60 3.79
42 66 2.46
44 45 1.39
46 48 4.53
49 78 1.14
55 79 2.2
57 71 2.26
58 70 4.21
67 68 3.01
68 73 3.5
69 79 2
