0 0
1 27.775
2 29.1
3 23.575
4 10.4875
5 29.0625
6 24.025
7 27.8125
8 21.2125
9 28.1625
10 3.75
11 1.7625
12 25.1125
13 14.975
14 24.35
15 17.9875
16 22.1375
17 26.525
18 19.975
19 11.525
20 18.3875
21 27.25
22 26.4125
23 14.0625
24 19.525
25 28.4875
26 24.9125
27 11.45
28 29.6125
29 22.8
30 18.625
31 34.7625
32 35.2125
33 28.4125
34 31.15
35 38.475
36 20.8875
37 29.2875
38 25.8625
39 30.175
40 26.875
41 16.45
42 28.925
43 23.125
44 14.125
45 22.025
46 12.85
47 27.275
48 21.225
49 36.1625
50 37.4375
51 19.65
52 12.9875
53 38.6875
54 33.975
55 7.7
56 30.7125
57 9.7625
58 22.125
59 35.7625
60 23.925
61 32.5625
62 22.6625
63 20.275
64 24.6
65 32.6625
66 38.3875
67 18.175
68 22.675
69 17.2125
70 13.2875
71 17.6625
72 19.2125
73 26.5125
74 19.875
75 11.7375
76 19.35
77 21.9125
78 28.6625
79 8.8375
