0 27.775
1 0
2 27.7875
3 22.2875
4 20.9625
5 24.2625
6 3.75
7 10.5875
8 15.05
9 15.7875
10 27.7
11 29.5375
12 20.3125
13 20.35
14 33.45
15 28.4625
16 16.8125
17 26.925
18 23.7375
19 19.775
20 13.0625
21 21.925
22 14.0375
23 30.1125
24 25.9
25 27.3875
26 23.8125
27 20.55
28 24.8125
29 31.05
30 19.775
31 29.9625
32 40.1
33 20.8625
34 25.825
35 33.15
36 15.5625
37 36.575
38 5.5875
39 28.15
40 18.55
41 25.55
42 34.2
43 22.5
44 24.275
45 28.4
46 36.8
47 27.1125
48 30.0625
49 35.0625
50 28.6
51 27
52 23.4625
53 27.35
54 28.65
55 23.75
56 39.8125
57 18.0125
58 21.025
59 33.7375
60 27.6875
61 24.2375
62 15.7375
63 29.825
64 26.5375
65 20.2875
66 41.8125
67 27.275
68 27.95
69 28.65
70 21.5375
71 10.1125
72 26.5
73 20.35
74 18.525
75 22.2125
76 12.65
77 9.5375
78 27.5625
79 25
