0 29.1
1 27.7875
2 0
3 31
4 25.1375
5 3.525
6 31.5375
7 26.875
8 28.3625
9 15.25
10 26.3
11 30.8625
12 7.475
13 22.125
14 31.5
15 32.6375
16 25.525
17 17.6125
18 27.125
19 21.0625
20 21.775
21 30.6375
22 22.75
23 23.275
24 13.0625
25 31.0125
26 27.4375
27 18.6
28 11.975
29 25.325
30 17.6875
31 17.125
32 30.2875
33 25.625
34 34.5375
35 41.0875
36 24.275
37 34.4875
38 22.2
39 18.3375
40 9.2375
41 23.6
42 30.1875
43 13.1875
44 22.1875
45 15.5625
46 35.4
47 31.875
48 33.6875
49 38.6875
50 37.3125
51 17.6875
52 27.6375
53 36.0625
54 37.3625
55 22.35
56 34.7875
57 19.3375
58 24.65
59 23.925
60 24.5875
61 32.95
62 21.725
63 34.925
64 4.5
65 29
66 28.975
67 25.325
68 29.825
69 31.975
70 15.8125
71 27.2375
72 24.4125
73 33.6625
74 18.9375
75 26.3875
76 25.0125
77 18.25
78 31.1875
79 23.6
