0 23.575
1 22.2875
2 31
3 0
4 17.125
5 27.475
6 26.0375
7 21.7
8 29.5
9 19
10 19.9375
11 25.3375
12 23.525
13 16.5125
14 32.6375
15 24.625
16 7.975
17 30.1375
18 15.4625
19 26.075
20 9.225
21 13.0875
22 17.25
23 22.35
24 29.1125
25 5.5875
26 14.7375
27 19.7375
28 28.025
29 30.3
30 27.5
31 33.175
32 37.6125
33 32.95
34 15.8875
35 15.6625
36 6.725
37 37.575
38 16.7
39 25.6625
40 21.7625
41 24.7375
42 35.9875
43 25.7125
44 32
45 31.6125
46 29.0375
47 35.5625
48 20.9875
49 25.9875
50 30.65
51 27.9375
52 19.625
53 29.4
54 19.8125
55 15.9875
56 39
57 24.3125
58 11.95
59 31.25
60 19.4125
61 27.45
62 23.4625
63 20.9875
64 29.75
65 23.5
66 45.025
67 26.4625
68 30.9625
69 6.3625
70 20.7875
71 32.2125
72 27.5
73 34.8
74 26.25
75 18.375
76 20.325
77 12.75
78 18.4875
79 14.7375
