0 10.4875
1 20.9625
2 25.1375
3 17.125
4 0
5 26.15
6 24.7125
7 20.375
8 16.3
9 17.675
10 6.7375
11 12.25
12 22.2
13 10.0625
14 15.7
15 7.5
16 11.65
17 17.875
18 15.0625
19 14.6125
20 7.9
21 16.7625
22 15.925
23 9.15
24 22.6125
25 22.7125
26 20.45
27 6.5375
28 26.7
29 18.8375
30 21.025
31 31.85
32 26.5625
33 28.6125
34 20.6625
35 27.9875
36 10.4
37 24.375
38 15.375
39 24.925
40 20.4375
41 7.8
42 24.0125
43 19.2375
44 24.6125
45 25.1125
46 15.8375
47 22.3625
48 24.2125
49 31.7
50 30.4875
51 14.7375
52 2.5
53 29.2375
54 23.4875
55 2.7875
56 22.0625
57 12.85
58 17.6625
59 30.5125
60 18.675
61 26.125
62 23.0625
63 9.7875
64 20.6375
65 22.175
66 33.475
67 13.2625
68 17.7625
69 12.4125
70 9.325
71 20.75
72 14.3
73 21.6
74 22.275
75 1.25
76 14.4375
77 11.425
78 24.2
79 4.0375
