0 0 0
0 31 5.38
1 7 6.4
1 10 4.12
2 29 6
2 36 4.47
3 13 9.48
3 35 9
3 37 3.6
4 5 2.23
4 22 1
5 8 7.28
5 22 3.16
6 8 10.81
6 23 5.83
6 26 7.07
6 39 4
7 18 8.24
7 34 7.21
8 20 3
9 19 5
9 29 2
10 12 1
10 16 5
11 12 2.23
11 14 1
11 36 1.41
13 20 7.21
13 38 7.81
14 22 5.83
14 25 1
14 32 7.28
14 35 8.06
15 16 5.83
15 24 8.6
16 32 3.6
17 26 6
17 38 8.06
18 33 7.07
18 36 8.24
19 25 9.21
20 33 2.23
20 34 4.12
21 23 1
21 26 6.4
21 27 8.48
22 27 9.43
22 39 5.83
24 28 5.65
24 36 7
25 31 9.48
27 30 8.06
28 30 5.09
28 39 7.21
30 36 2.23
31 32 1.41
33 38 3.16
34 37 6.32
35 36 9.05
35 39 1
