0 11 5
0 39 2.23
0 47 5.83
0 48 3.16
0 50 5.09
0 58 8.06
0 70 5.83
1 2 6.32
1 11 7.28
1 48 7.07
1 51 6
1 55 1
2 56 5.38
2 72 5
3 23 4.12
3 57 2.82
3 74 6
4 69 5
4 79 4.12
5 8 3.6
5 11 7.21
5 67 6.32
5 73 5
6 51 2.23
6 62 2
6 72 5.09
7 10 5.09
7 20 10
7 21 10.63
7 58 10.29
8 40 6.08
9 10 2
9 61 2.23
10 12 5
10 46 4.12
11 20 4.24
11 32 5.83
12 19 7.61
12 29 4
12 63 4.12
13 18 2
13 35 3.16
13 68 7.07
14 16 1
14 26 3.6
14 56 7.07
15 31 4
15 38 5
16 37 2.23
16 48 7.07
16 66 4
17 40 3.16
17 64 3.6
17 65 5.09
18 64 4.47
18 71 7.81
18 73 3.16
18 78 4
19 75 2.23
19 76 8.06
20 54 6.08
21 50 3.16
21 70 5.09
22 38 5.65
22 62 7.07
23 24 4.47
23 37 7.07
23 54 3
24 28 4.12
24 54 6.4
24 64 7.81
25 49 3.6
25 74 3.16
26 53 7.07
27 29 5.65
27 36 5
28 44 3.16
30 42 5.09
30 44 6.7
30 72 4.47
30 75 7.61
31 73 10
32 52 7.07
32 67 4.24
33 36 9.21
33 37 7.28
34 47 1
34 57 5
34 77 5.09
35 77 3.6
36 56 2.82
36 76 2.82
39 42 6.32
40 53 5
41 43 8.48
41 63 5.38
43 47 8.94
43 63 8.06
43 69 3.16
44 48 9.48
45 75 9
46 57 1.41
48 72 4.12
49 52 7.21
49 76 7.07
50 59 4.47
52 67 5.65
53 64 7.61
53 70 1.41
54 56 3.6
54 78 6.32
55 65 7.07
59 69 5.09
60 64 4
60 79 8.94
61 66 4.47
64 71 9.84
64 72 6.7
68 78 7.07
78 79 2
