0 11 3.97
0 39 3.45
0 47 3.91
0 48 2.06
0 58 4.63
1 2 3.96
1 51 2.82
2 56 2.9
3 57 1.6
4 79 1.88
5 11 1.58
5 67 3.57
7 10 4.81
7 20 1.47
7 21 1.24
7 58 1.16
8 40 4.73
9 10 2.35
10 12 3.99
11 20 4.73
12 19 3.57
12 29 4.34
14 26 3.8
15 31 4.29
15 38 4.59
16 48 3.07
16 66 2.81
17 40 5
17 64 3.77
18 64 3.2
18 73 4.12
18 78 3.17
20 54 1.15
21 50 2.29
21 70 1.11
24 54 4.55
24 64 1.07
25 49 1.21
28 44 4.11
30 72 3.02
30 75 2.57
31 73 3.51
32 67 4.87
33 36 3.36
33 37 2.59
34 77 2.75
36 56 1.4
41 43 2.76
41 63 4.15
43 69 1.38
46 57 4.72
48 72 2.91
49 52 4.91
49 76 4.77
50 59 2.5
54 56 1.11
54 78 3.97
60 64 1.97
60 79 1.46
61 66 4.96
