0 0
1 12.7875
2 15.35
3 18.3125
4 24.5625
5 15.2625
6 15.4625
7 22.9375
8 19.7625
9 24.2
10 21.7
11 6.25
12 27.95
13 23.35
14 14.0375
15 39.0125
16 12.7875
17 19.25
18 23.0625
19 26.9875
20 11.55
21 10.3125
22 26.8
23 22.9
24 24.9
25 29.7625
26 17.8875
27 31.85
28 19.75
29 32.95
30 14.6875
31 34.0125
32 13.5375
33 24.675
34 8.5375
35 19.4
36 25.6
37 15.575
38 33.8625
39 2.7875
40 15.3
41 29.0625
42 10.6875
43 18.4625
44 15.8
45 35.45
46 16.55
47 7.2875
48 3.95
49 31.3875
50 6.3625
51 18.25
52 22.375
53 9.05
54 19.15
55 14.0375
56 22.075
57 14.7875
58 10.075
59 11.95
60 22.475
61 23.375
62 17.9625
63 28.5375
64 17.475
65 22.875
66 17.7875
67 18.8375
68 32.1875
69 18.3125
70 7.2875
71 29.775
72 9.1
73 21.5125
74 25.8125
75 24.2
76 29.125
77 14.9
78 27.05
79 29.55
