0 12.7875
1 0
2 7.9
3 28.025
4 34.675
5 18.1125
6 10.2875
7 26.9
8 22.6125
9 31.05
10 33.2625
11 9.1
12 36.4625
13 29.0375
14 18.925
15 34.9375
16 17.675
17 16.45
18 26.5375
19 31.75
20 14.4
21 23.1
22 21.625
23 22.875
24 27.125
25 35.0125
26 23.425
27 24.4
28 24.6375
29 31.4625
30 19.575
31 36.8625
32 16.3875
33 29.5625
34 21.325
35 32.1875
36 18.15
37 20.4625
38 28.6875
39 15.575
40 20.4
41 41.85
42 23.475
43 31.25
44 20.6875
45 40.3375
46 29.3375
47 20.075
48 8.8375
49 30.5125
50 19.15
51 7.5
52 25.225
53 21.8375
54 19.125
55 1.25
56 14.625
57 27.575
58 22.8625
59 24.7375
60 25.95
61 28.2625
62 12.7875
63 41.325
64 20.95
65 10.0875
66 22.675
67 21.6875
68 35.8625
69 31.1
70 20.075
71 33.25
72 13.9875
73 24.3625
74 35.525
75 29.0875
76 21.675
77 27.6875
78 27.025
79 29.525
