0 15.35
1 7.9
2 0
3 20.125
4 26.775
5 26.0125
6 12.6125
7 31.325
8 30.5125
9 30.1875
10 30.5625
11 17
12 28.5625
13 22.7125
14 15.5625
15 37.2625
16 16.8125
17 19.125
18 20.2125
19 23.85
20 18.825
21 25.6625
22 23.95
23 14.975
24 19.225
25 27.1125
26 20.0625
27 16.5
28 24.1625
29 23.5625
30 11.8375
31 36.6625
32 24.2875
33 21.7625
34 23.8875
35 26.6625
36 10.25
37 19.6
38 31.0125
39 18.1375
40 23.075
41 40.4375
42 18.2
43 33.8125
44 20.2125
45 32.6
46 25.4125
47 22.6375
48 11.4
49 22.6125
50 21.7125
51 15.4
52 31.625
53 24.1375
54 11.225
55 9.15
56 6.725
57 23.65
58 25.425
59 27.3
60 19.625
61 27.4
62 15.1125
63 33.7125
64 14.625
65 17.9875
66 21.8125
67 29.5875
68 27.9625
69 33.025
70 22.6375
71 26.925
72 6.25
73 24.1625
74 27.625
75 21.35
76 13.775
77 30.25
78 19.125
79 21.625
