0 18.3125
1 28.025
2 20.125
3 0
4 24.45
5 30.8125
6 32.7375
7 16.8
8 35.3125
9 12.9375
10 10.4375
11 21.8
12 16.6875
13 24.3
14 18.025
15 43.25
16 16.775
17 25
18 21.8
19 26.2
20 16.5
21 28.625
22 44.075
23 5.15
24 10.7375
25 11.45
26 22.525
27 23.175
28 15.8875
29 21.6875
30 28.2125
31 38.25
32 29.0875
33 23.0875
34 9.775
35 20.6375
36 16.925
37 13.9875
38 49.5
39 21.1
40 28.95
41 28.5625
42 29
43 22.2
44 19.8375
45 40.2375
46 5.2875
47 11.025
48 22.2625
49 15.95
50 24.675
51 35.525
52 24.9625
53 27.3625
54 8.9
55 29.275
56 13.4
57 3.525
58 28.3875
59 30.2625
60 25.5
61 15.725
62 35.2375
63 21.8375
64 20.5
65 31.3625
66 21.3125
67 32.025
68 25.6375
69 26.15
70 25.6
71 31.5625
72 26.375
73 25.75
74 7.5
75 28.9875
76 20.45
77 16.1375
78 16.8
79 19.3
