0 24.5625
1 34.675
2 26.775
3 24.45
4 0
5 22.85
6 32.975
7 35.4375
8 27.35
9 34.175
10 31.675
11 28.45
12 25.425
13 15.15
14 28.8875
15 34.1
16 30.1375
17 22.7375
18 12.65
19 34.9375
20 23.15
21 22.15
22 44.3125
23 19.3
24 23.55
25 35.9
26 33.3875
27 29.825
28 28.7
29 30.425
30 32.2
31 29.1
32 35.7375
33 35.0875
34 22.625
35 19.1
36 23.575
37 28.1375
38 40.35
39 27.35
40 26.6875
41 20.8
42 35.25
43 10.2
44 32.65
45 48.975
46 29.7375
47 21.375
48 28.5125
49 35.9375
50 18.2
51 35.7625
52 37.8125
53 27.75
54 15.55
55 35.925
56 20.05
57 27.975
58 34.6375
59 12.6125
60 16.325
61 36.9625
62 35.475
63 20.275
64 18.2375
65 29.1
66 35.1375
67 30.75
68 16.4875
69 6.25
70 28.5125
71 22.4125
72 26.6125
73 16.6
74 31.95
75 37.725
76 27.1
77 23.6
78 7.65
79 5.15
