0 27 2.82843
0 35 4.47214
0 47 4.47214
1 25 6.40312
1 37 1.41421
1 69 6.7082
2 36 4.12311
2 40 3
2 64 5
3 20 2.82843
3 29 4.47214
3 72 7.61577
4 18 5
4 59 2.82843
5 11 4.24264
5 19 3.16228
5 23 6.32456
5 32 1
5 48 7.28011
5 75 8.544
6 43 1.41421
6 53 6.40312
6 78 3.16228
7 12 2.23607
7 50 7.07107
7 57 4.12311
7 58 1
8 26 3.16228
8 67 7.07107
9 31 5.38516
9 73 4.47214
9 76 8.06226
10 18 5.65685
10 67 5
11 40 6.32456
11 51 8.24621
11 78 1.41421
12 39 5.83095
13 15 7.28011
13 16 1.41421
13 79 9.43398
14 23 4
14 58 1
15 50 2.23607
16 34 3.16228
16 37 4.47214
16 43 8.94427
17 24 8.24621
17 35 9
17 64 8.544
18 47 4.12311
19 37 5.09902
20 55 4.12311
20 63 5
21 22 4.24264
21 33 6.40312
21 61 2.23607
21 79 5.83095
22 35 6.7082
22 71 6.40312
23 28 3.60555
24 36 3.60555
25 72 5
26 68 7.07107
26 70 8.94427
27 79 3.60555
28 62 7.07107
28 78 5
29 76 7.07107
30 37 2.23607
30 38 2.23607
30 51 9.43398
31 49 4.12311
31 57 5
31 74 5.83095
32 36 6.40312
32 73 6
33 48 4.12311
33 49 4.12311
34 38 6
35 54 3.16228
37 57 5
39 42 7.28011
39 43 8.06226
41 43 12.0416
41 56 7.2111
41 62 5.65685
42 60 9.43398
42 77 7
43 64 8
44 45 8.60233
44 69 7.07107
45 77 5.09902
46 54 6.7082
46 60 9.05539
46 79 6
47 51 7.2111
48 70 2.23607
50 53 5
50 65 5
51 55 4.12311
52 66 9.43398
52 74 5
53 68 2.23607
53 75 2.82843
54 55 6.08276
55 61 3.60555
56 72 7.81025
56 74 2.23607
58 66 5.38516
59 71 1.41421
61 70 7.2111
62 68 2.23607
63 65 6.32456
64 73 4.12311
66 79 7
67 76 9.89949
71 78 5.83095
73 79 7.61577
74 75 3.60555
