0 0
1 0
2 0
3 0
4 0
5 7.77
6 0
7 5.72
8 6.39
9 4.1
10 0
11 6.81
12 8.49
13 7.73
14 4.4
15 4.22
16 0
17 0
18 6.89
19 5.14
20 0
21 0
22 0
23 2.32
24 7.27
25 0
26 0
27 0
28 0
29 8.03
30 5.35
31 2.18
32 5.59
33 0
34 9.83
35 2.09
36 6.89
37 9.34
38 7.4
39 0
40 7.31
41 5.37
42 0
43 0
44 8.31
45 0
46 9.09
47 1.52
48 3.5
49 8.02
50 2.2
51 0
52 6.55
53 4.81
54 1.33
55 0
56 3.26
57 0
58 0
59 6.65
60 6.64
61 0
62 0
63 0
64 9.38
65 9.23
66 0
67 7.35
68 7.89
69 4.69
70 2.48
71 0
72 9.7
73 0
74 2.8
75 1.91
76 9.83
77 0
78 3.92
79 9.26
