0 27 1.46
1 25 1.32
1 37 1.8
2 36 2.13
2 40 3.44
3 20 4.69
3 29 4.4
3 72 2.52
4 59 3.31
5 11 2.09
5 19 3.57
5 23 3.38
5 32 3.94
5 48 4.01
6 43 3.5
6 53 2.25
7 50 3.41
7 57 1.98
7 58 3.42
8 26 4.71
8 67 1.61
9 31 3.69
9 76 1.05
10 18 3.36
11 40 2.85
11 51 1.39
11 78 1.18
13 15 1.03
13 16 1.94
14 23 3.65
14 58 2.44
16 34 3.8
16 43 4.73
17 24 1.65
17 35 1.38
17 64 3.08
18 47 3.17
20 55 1.06
20 63 1.95
21 33 3.89
21 61 1.74
21 79 1.45
22 35 1.42
22 71 1.61
24 36 2.86
26 70 1.87
27 79 4.33
28 62 4.29
29 76 3.35
30 37 2.83
30 38 2.64
30 51 4.66
31 57 4.74
31 74 3.04
32 73 2.37
33 49 3.95
34 38 3.98
37 57 1.91
39 42 2.95
39 43 2.2
41 43 3.62
41 56 2.37
41 62 1.02
42 60 4.52
42 77 2.94
43 64 3.8
45 77 3.45
46 54 1.05
46 60 2.55
47 51 3.42
50 53 1.92
50 65 3.73
52 66 1.59
53 68 1.77
55 61 1.01
56 74 2.65
58 66 4.4
59 71 1.96
63 65 2.22
64 73 3.74
66 79 3.15
67 76 1.85
71 78 1.89
73 79 4.59
