0 0
1 28.9607
2 28.9661
3 25.8359
4 16.9941
5 26.3122
6 30.6324
7 24.7739
8 32.904
9 23.1524
10 17.8151
11 24.9118
12 27.569
13 19.8349
14 24.7739
15 28.9351
16 21.6027
17 16.8402
18 10.7441
19 30.265
20 22.3004
21 15.3312
22 13.9754
23 29.7739
24 27.1479
25 36.9646
26 36.8568
27 3.53553
28 32.9296
29 31.4261
30 26.3965
31 29.8838
32 25.0622
33 23.3351
34 25.5556
35 5.59017
36 31.6549
37 27.1929
38 29.1916
39 34.8577
40 32.7161
41 46.6439
42 38.6542
43 32.4002
44 46.1847
45 53.778
46 15.5425
47 5.59017
48 28.489
49 28.489
50 31.7302
51 14.604
52 28.5849
53 37.9802
54 9.54302
55 17.1465
56 37.63
57 29.9278
58 23.5239
59 20.5296
60 26.8617
61 18.1262
62 41.7684
63 28.5504
64 22.7161
65 36.456
66 16.7925
67 24.0651
68 40.7753
69 37.3459
70 27.1401
71 21.9793
72 35.3556
73 17.5622
74 34.8349
75 36.9922
76 33.2302
77 47.4042
78 26.6796
79 8.04247
