0 28.9607
1 0
2 26.5022
3 23.7736
4 31.7574
5 12.0944
6 20.306
7 13.1716
8 39.1228
9 20.9992
10 37.5942
11 17.3977
12 15.9667
13 9.1257
14 15.6716
15 18.2258
16 7.35794
17 36.163
18 30.5231
19 8.14154
20 26.6631
21 28.2069
22 33.5102
23 20.0001
24 25.8552
25 8.00391
26 35.17
27 25.4251
28 24.507
29 29.3638
30 4.56285
31 14.2678
32 13.3444
33 24.5755
34 11.3108
35 33.0655
36 21.3483
37 1.76777
38 7.35794
39 23.2554
40 25.3034
41 33.0306
42 32.3556
43 18.5383
44 17.2241
45 27.977
46 28.4182
47 25.3692
48 21.1945
49 19.4216
50 21.0209
51 16.3553
52 27.8065
53 26.3099
54 29.1127
55 21.5092
56 24.0167
57 8.01777
58 14.4216
59 28.2219
60 39.7374
61 26.0161
62 31.9001
63 32.9131
64 25.9983
65 27.2709
66 21.1531
67 43.4514
68 29.105
69 8.38525
70 23.9896
71 26.4541
72 14.2539
73 20.8444
74 21.5565
75 22.7744
76 31.077
77 34.3508
78 19.1655
79 20.9182
