0 28.9661
1 26.5022
2 0
3 35.8068
4 26.0155
5 14.4078
6 17.3763
7 29.8135
8 40.967
9 16.9941
10 39.3365
11 11.6557
12 32.6086
13 29.1981
14 27.3135
15 34.4253
16 27.4303
17 16.93
18 32.2655
19 18.3606
20 32.2712
21 28.2123
22 28.7161
23 22.3135
24 9.66082
25 34.5061
26 37.0141
27 25.4305
28 19.6735
29 35.9107
30 27.5295
31 23.7255
32 13.1578
33 28.6618
34 31.3832
35 28.18
36 5.15388
37 24.7344
38 30.3246
39 26.3278
40 3.75
41 31.302
42 35.428
43 16.25
44 43.7263
45 50.5517
46 28.4236
47 30.9773
48 23.5079
49 28.8794
50 31.6302
51 21.9635
52 35.8447
53 25.3802
54 32.1329
55 27.1173
56 32.3898
57 29.9755
58 28.5635
59 22.4799
60 39.7428
61 31.0074
62 28.5123
63 38.5212
64 6.25
65 37.8802
66 29.6736
67 39.4462
68 28.1753
69 34.8874
70 26.303
71 20.7122
72 40.7561
73 11.4039
74 29.5947
75 25.0878
76 27.0719
77 44.178
78 13.4235
79 20.9236
