0 25.8359
1 23.7736
2 35.8068
3 0
4 34.2611
5 29.4544
6 29.8717
7 32.7801
8 35.6422
9 24.5068
10 33.0534
11 24.1511
12 35.5751
13 32.8993
14 35.2801
15 26.7363
16 31.1316
17 31.4957
18 28.0111
19 31.9152
20 3.53553
21 15.9914
22 21.2947
23 36.6758
24 41.8035
25 15.7697
26 33.3906
27 27.7871
28 32.1688
29 5.59017
30 25.6358
31 29.3663
32 30.7044
33 23.9953
34 35.0844
35 20.2457
36 38.7083
37 25.5414
38 28.4309
39 41.7173
40 32.0568
41 28.2964
42 47.7898
43 31.6394
44 40.9977
45 51.7506
46 24.6781
47 22.8572
48 25.0053
49 29.1492
50 23.9412
51 13.8433
52 28.3276
53 30.1201
54 16.2929
55 8.68942
56 19.2825
57 31.7914
58 34.0301
59 31.0664
60 35.9974
61 13.1964
62 35.3675
63 9.78553
64 35.2509
65 17.6912
66 32.0301
67 26.8034
68 32.9152
69 32.1589
70 22.2102
71 29.2986
72 9.51972
73 30.097
74 22.0776
75 26.5846
76 14.429
77 56.5398
78 25.9188
79 23.2801
