0 16.9941
1 31.7574
2 26.0155
3 34.2611
4 0
5 19.6631
6 16.5448
7 30.8489
8 28.4099
9 34.0032
10 13.3211
11 14.3598
12 33.644
13 31.2607
14 28.3489
15 33.5938
16 29.4929
17 32.9425
18 6.25
19 23.6159
20 30.7255
21 18.6105
22 13.3072
23 23.3489
24 33.4239
25 39.7614
26 32.3627
27 20.5296
28 18.842
29 39.8512
30 32.2102
31 36.9222
32 20.9131
33 26.6144
34 33.4458
35 21.6925
36 28.917
37 29.9897
38 35.0053
39 28.3904
40 22.2655
41 33.3646
42 37.4906
43 18.3126
44 48.9815
45 52.6143
46 32.5365
47 11.4039
48 28.7632
49 31.7683
50 30.7987
51 20.4178
52 38.8412
53 24.5487
54 25.6453
55 25.5716
56 35.3863
57 36.0028
58 29.5989
59 3.53553
60 43.8558
61 21.4056
62 27.6808
63 36.9755
64 28.3126
65 37.0487
66 33.7865
67 19.5711
68 27.3438
69 40.1427
70 30.4195
71 5.3033
72 43.7808
73 28.4131
74 32.5912
75 28.0843
76 31.9454
77 46.2406
78 12.592
79 25.0365
