0 17 1.41
0 24 7.07
0 29 4
0 58 6.7
1 11 1.41
1 19 6
1 26 5.38
2 26 2.82
2 30 4.12
3 29 6.08
3 32 1
3 34 5.09
3 46 6.4
4 6 4.47
4 31 5
4 56 5.83
5 45 7.61
5 52 3.16
6 36 1.41
6 43 2
7 13 5.83
7 39 4.12
8 22 4.24
8 29 7.21
8 51 3
9 27 2
9 55 3
10 28 5.09
10 30 6.7
10 51 1.41
11 18 3.16
11 31 1.41
11 39 5
11 58 5
12 32 9.89
12 44 8.24
12 46 3.16
12 54 5.83
13 18 9.89
14 30 3.16
14 36 8.06
14 52 8.54
15 38 3.16
15 53 3.16
16 33 5.83
16 37 2.82
17 18 6.32
17 26 6.7
17 46 4.24
17 47 7.28
18 33 3.16
18 41 8.24
18 44 8.94
19 57 5.38
20 42 5
20 48 8.6
21 38 10.63
21 43 5.83
22 33 5.09
22 41 4
22 55 4.47
23 37 9.84
23 48 8.06
23 55 6.08
24 34 7.28
24 41 2
25 40 9
25 49 8.06
27 54 6.4
28 34 5.83
28 44 9.21
28 59 5
29 59 2.82
31 35 2.23
31 42 2.23
32 33 4
32 42 6.4
34 46 4.12
35 42 1.41
35 46 2.23
39 40 5.09
39 52 5.09
40 53 2.23
41 49 8.06
44 47 9.84
45 58 5.83
46 57 3
47 50 5.09
48 50 7.28
51 58 6
