0 0
1 15.375
2 13.6625
3 12.6
4 18.8875
5 25.175
6 24.475
7 25.0125
8 14.0125
9 25.675
10 17.6375
11 13.6125
12 11.0125
13 22.025
14 22.7625
15 32.9625
16 20.9
17 1.7625
18 9.6625
19 17.5375
20 17.8625
21 34.2625
22 16.3375
23 29.525
24 8.8375
25 31.4875
26 10.1375
27 26.3
28 14.775
29 5
30 18.8125
31 12.6375
32 13.85
33 13.6125
34 12.2125
35 9.85
36 26.2375
37 24.425
38 36.9125
39 19.8625
40 26.225
41 11.3375
42 11.6125
43 26.975
44 20.8375
45 15.6625
46 7.0625
47 10.8625
48 26.325
49 21.4125
50 17.225
51 15.875
52 26.225
53 29.0125
54 18.3
55 21.925
56 26.175
57 10.8125
58 8.375
59 8.525
