0 15.375
1 0
2 10.25
3 15.5625
4 9.775
5 18.325
6 15.3625
7 13.1625
8 19.2625
9 25.3625
10 17.275
11 1.7625
12 13.05
13 18.075
14 19.35
15 21.1125
16 16.95
17 13.6125
18 5.7125
19 7.5
20 12.5625
21 25.15
22 16.025
23 29.2125
24 18.5125
25 25.625
26 6.725
27 27.8625
28 21.5375
29 20.375
30 15.4
31 3.525
32 14.3125
33 9.6625
34 14.25
35 6.3125
36 17.125
37 20.475
38 25.0625
39 8.0125
40 14.375
41 16.0125
42 6.3125
43 17.8625
44 16.8875
45 15.3
46 9.1
47 22.7125
48 23.3125
49 26.0875
50 29.075
51 15.5125
52 14.375
53 17.1625
54 20.3375
55 21.6125
56 17.0625
57 12.85
58 8.0125
59 23.9
