0 13.6625
1 10.25
2 0
3 25.2
4 20.025
5 23.725
6 20.9375
7 23.4125
8 19.0375
9 33.675
10 13.525
11 12.0125
12 21.15
13 28.325
14 9.1
15 31.3625
16 27.2
17 11.9
18 15.9625
19 17.75
20 22.8125
21 30.725
22 24.3375
23 37.525
24 22.5
25 35.875
26 3.525
27 36.175
28 19.8875
29 18.6625
30 5.15
31 13.775
32 24.5625
33 19.9125
34 22.35
35 16.5625
36 19.175
37 30.725
38 35.3125
39 18.2625
40 24.625
41 25
42 16.5625
43 23.4375
44 27.1375
45 25.55
46 17.2
47 21
48 33.5625
49 35.075
50 27.3625
51 15.2875
52 19.775
53 27.4125
54 28.4375
55 29.925
56 27.3125
57 20.95
58 18.2625
59 22.1875
