0 12.6
1 15.5625
2 25.2
3 0
4 18.2875
5 30.3625
6 23.875
7 25.2
8 16.6125
9 21.95
10 20.0125
11 13.8
12 11.95
13 22.5625
14 32.3375
15 33.15
16 13.5375
17 13.3
18 10.2
19 18.475
20 15.5
21 33.6625
22 12.6125
23 25.8
24 15.4625
25 37.6625
26 21.675
27 24.45
28 13.65
29 7.6
30 28.3875
31 12.0375
32 1.25
33 6.25
34 6.3625
35 10.7875
36 25.6375
37 17.0625
38 37.1
39 20.05
40 26.4125
41 17.6125
42 9.25
43 26.375
44 21.375
45 27.3375
46 8
47 22.4
48 26.25
49 27.6875
50 28.7625
51 20.3625
52 26.4125
53 29.2
54 19.2375
55 18.2
56 25.575
57 11.75
58 20.05
59 11.125
