0 18.8875
1 9.775
2 20.025
3 18.2875
4 0
5 24.575
6 5.5875
7 19.4125
8 25.5125
9 31.6125
10 23.525
11 8.0125
12 15.775
13 24.325
14 17.425
15 27.3625
16 23.2
17 17.125
18 11.9625
19 17.275
20 15.2875
21 15.375
22 22.275
23 35.4625
24 24.7625
25 31.875
26 16.5
27 31.0625
28 24.2625
29 23.8875
30 21.375
31 6.25
32 17.0375
33 15.9125
34 16.975
35 9.0375
36 7.35
37 26.725
38 28.6625
39 14.2625
40 20.625
41 22.2625
42 9.0375
43 8.0875
44 23.1375
45 21.55
46 11.825
47 26.225
48 26.0375
49 32.3375
50 32.5875
51 21.7625
52 20.625
53 23.4125
54 23.0625
55 27.8625
56 7.2875
57 15.575
58 14.2625
59 27.4125
