0 17 1.41
0 27 7.21
0 37 8.94
1 2 6.32
1 3 2
1 11 4.47
1 16 6.32
1 46 4.12
2 14 3.16
2 25 6.32
2 45 3.6
3 48 9.43
4 12 2.23
4 15 9.43
4 65 5
5 23 8.6
5 32 5.09
6 13 6.08
6 72 7.28
7 32 3.16
7 74 3.16
7 79 7.07
8 32 7.07
8 40 1.41
8 65 6.08
9 51 3
9 67 7.07
10 15 7.28
10 38 5
10 56 6.7
11 59 2.82
11 71 5.09
12 58 5.38
13 75 8.06
14 29 5.83
14 38 7.07
15 62 6.7
16 58 6.08
16 63 7.21
17 66 8.94
18 29 5
18 31 2.23
18 44 2.23
19 70 5.83
19 79 5
20 29 4.12
20 54 6.7
20 64 4.12
20 74 2
21 43 10.29
21 56 7.07
22 40 4.12
22 77 7.81
23 36 5.83
24 65 7.28
24 69 1.41
24 79 4.24
25 43 7.07
25 50 5.38
25 61 3.16
25 75 9.89
26 37 2.23
26 54 7.07
27 50 5.65
28 53 10.81
28 73 5.38
30 51 8.48
30 53 6.08
31 54 3.16
31 57 2.23
31 72 6.4
33 36 9.21
33 49 5.38
33 63 8.48
33 68 4.47
33 75 11.4
34 49 8.06
34 56 4
34 76 5
35 68 2.23
35 71 6.08
38 47 2.82
39 44 1.41
39 47 2.82
39 70 10
40 72 7.07
41 45 2.23
41 46 3.6
41 52 2.23
42 52 7.81
42 64 5.65
42 69 1
42 70 1.41
42 75 8.24
43 50 2.23
43 57 3
43 72 3
44 49 7.81
47 55 4
48 64 6.4
48 66 11.4
48 78 8
50 51 8.06
52 60 4.24
52 62 5.83
52 65 1
53 75 9.21
53 77 2.82
54 71 4.47
55 73 2.23
56 74 8.54
58 78 4.47
59 60 2.23
61 68 5.83
62 67 5.09
63 76 8.06
63 79 3
64 69 5
64 77 4.12
66 72 12.72
