1 3 4.02
1 11 1.3
1 16 3.15
2 25 3.34
4 12 1.21
4 65 4.49
5 32 2.38
6 13 1.91
7 74 3.99
10 15 2.81
10 38 2.97
10 56 2.07
11 59 4.29
12 58 4.67
13 75 4.64
14 29 2.5
16 58 4.98
16 63 4.16
17 66 3.35
19 70 4.78
20 29 4.87
20 64 2.03
20 74 2.82
21 56 4.07
23 36 3.46
24 69 4.92
24 79 2.23
25 43 3.24
25 50 3.16
26 54 1.61
30 51 4.49
31 54 2.14
31 72 4.76
33 68 3.39
33 75 3.75
34 76 3.26
35 68 3.55
35 71 2.61
38 47 1.66
39 47 1.88
40 72 3.32
41 46 3.19
42 52 4.79
42 70 3.28
43 57 4.51
43 72 4.07
44 49 1.25
47 55 1.34
48 64 2.52
48 78 3.91
50 51 2.33
52 62 1.95
52 65 1.94
53 75 4.87
53 77 4.37
56 74 4.48
59 60 1.68
62 67 1.31
63 76 1.02
64 77 2.73
