0 0
1 38.6
2 30.7
3 38.975
4 47.0625
5 47.9375
6 31.7125
7 37.625
8 33.2125
9 29.9
10 46.0375
11 34.75
12 49.5
13 39.3125
14 34.65
15 53.475
16 46.5
17 1.7625
18 28.1875
19 51.3
20 31.175
21 31.725
22 36.6
23 58.425
24 43.2
25 22.8
26 13.9625
27 9.0125
28 50.775
29 34.4375
30 36.75
31 25.4
32 41.575
33 39.625
34 45.5625
35 35.9875
36 51.1375
37 11.175
38 39.7875
39 32.7375
40 31.45
41 37.9875
42 42.25
43 18.8625
44 30.975
45 35.2
46 42.4875
47 36.2625
48 27.1875
49 40.7375
50 16.075
51 26.15
52 40.775
53 43.8625
54 22.8
55 41.2625
56 40.5625
57 22.6125
58 42.775
59 38.275
60 41.0625
61 26.75
62 45.1
63 50.2125
64 35.1875
65 40.8125
66 12.9375
67 38.7375
68 34.0375
69 41.4375
70 44.0125
71 28.3875
72 22.6125
73 44.05
74 33.675
75 35.1625
76 51.8125
77 40.3375
78 37.1875
79 46.4625
