0 38.6
1 0
2 7.9
3 2.5
4 19.9375
5 36.4875
6 37.4875
7 29.5
8 21.2875
9 34.925
10 26.9375
11 5.5875
12 22.225
13 38.2375
14 11.85
15 28.1
16 7.9
17 39.7125
18 24.275
19 26.9125
20 24.2875
21 37.5
22 28.2
23 46.3125
24 22.7875
25 15.8
26 26.375
27 29.5875
28 38.725
29 19.1375
30 38.5625
31 21.4875
32 30.125
33 27.5125
34 33.2375
35 19.55
36 39.025
37 29.1625
38 20.6875
39 27.7375
40 23.05
41 9.65
42 22.2
43 24.6375
44 27.0625
45 12.4
46 5.15
47 24.2125
48 14.2875
49 34.2375
50 22.525
51 32.6
52 12.4375
53 30.9625
54 17.5375
55 29.2125
56 35.3125
57 24.275
58 15.5
59 9.1125
60 11.9
61 19.75
62 19.725
63 16.9125
64 22.2875
65 13.6875
66 28.5375
67 26.0875
68 22.3375
69 23.45
70 23.9625
71 11.95
72 28.3875
73 32
74 26.7875
75 28.1625
76 26.9875
77 27.4375
78 21.0875
79 20.6625
