0 30.7
1 7.9
2 0
3 10.4
4 17.575
5 33.15
6 29.5875
7 22.8375
8 18.925
9 28.45
10 19.0375
11 13.4875
12 20.3625
13 30.3375
14 3.95
15 25.7375
16 15.8
17 32.4625
18 17.4875
19 28.8875
20 16.3875
21 29.6
22 25.8375
23 43.525
24 20.425
25 7.9
26 33.0625
27 21.6875
28 30.825
29 11.2375
30 35.3
31 20.275
32 26.7875
33 24.725
34 32.4125
35 21.925
36 36.2375
37 35.85
38 12.7875
39 19.8375
40 20.6875
41 7.2875
42 19.8375
43 16.7375
44 20.275
45 4.5
46 11.7875
47 16.3125
48 22.1875
49 30.0375
50 14.625
51 24.7
52 10.075
53 30.2125
54 24.225
55 21.3125
56 27.4125
57 20.4875
58 23.4
59 17.0125
60 15.375
61 11.85
62 17.3625
63 24.8125
64 21.5375
65 11.325
66 36.3875
67 23.725
68 19.1375
69 21.0875
70 21.6
71 19.85
72 20.4875
73 24.1
74 18.8875
75 20.2625
76 34.8875
77 26.6875
78 28.9875
79 25.725
