0 38.975
1 2.5
2 10.4
3 0
4 22.4375
5 38.9875
6 39.9875
7 31.3875
8 23.7875
9 37.425
10 29.4375
11 8.0875
12 24.725
13 40.7375
14 14.35
15 30.6
16 10.4
17 37.2125
18 26.775
19 29.4125
20 24.9375
21 40
22 30.7
23 48.8125
24 25.2875
25 18.3
26 28.875
27 32.0875
28 41.225
29 21.6375
30 36.0625
31 23.9875
32 32.625
33 30.0125
34 35.7375
35 22.05
36 41.525
37 31.6625
38 23.1875
39 30.2375
40 25.55
41 12.15
42 24.7
43 27.1375
44 29.5625
45 14.9
46 7.65
47 26.7125
48 11.7875
49 36.7375
50 25.025
51 35.1
52 14.9375
53 28.4625
54 20.0375
55 31.7125
56 37.8125
57 26.775
58 18
59 11.6125
60 14.4
61 22.25
62 22.225
63 19.4125
64 19.7875
65 16.1875
66 26.0375
67 28.5875
68 24.8375
69 25.95
70 26.4625
71 14.45
72 30.8875
73 34.5
74 27.4375
75 30.6625
76 29.4875
77 24.9375
78 21.7875
79 23.1625
