0 47.0625
1 19.9375
2 17.575
3 22.4375
4 0
5 29.05
6 33.55
7 26.6375
8 13.85
9 29.9875
10 20.8875
11 19.1125
12 2.7875
13 37.6375
14 21.525
15 11.7875
16 17.1125
17 48.825
18 35.0625
19 26.3125
20 28.5125
21 38.1
22 20.7625
23 39.8
24 15.35
25 25.475
26 39.9
27 38.05
28 45.175
29 28.8125
30 39.6375
31 32.45
32 22.6875
33 35
34 34.2625
35 33.075
36 46.5125
37 42.6875
38 27.1375
39 31.525
40 15.6125
41 10.2875
42 17.2625
43 28.2
44 33.2875
45 13.075
46 14.7875
47 30.6625
48 25.1
49 41.725
50 30.9875
51 33.7375
52 7.5
53 32.0375
54 31.0625
55 35.6625
56 29.2625
57 31.95
58 9.5125
59 15.5875
60 12.8
61 29.425
62 14.7875
63 24.4
64 23.3625
65 6.25
66 39.35
67 21.15
68 35.8625
69 17.1125
70 19.025
71 25.475
72 24.45
73 38.45
74 30.5875
75 27.5625
76 34.475
77 28.5125
78 15.1
79 20.65
