0 13 7.61577
0 22 7.28011
0 23 6
0 31 7.61577
1 10 3.16228
1 26 2
1 65 7.61577
2 45 3.60555
2 77 4.47214
3 15 5.09902
3 40 7.07107
4 19 7.2111
4 37 3.60555
4 71 7.81025
5 16 3.16228
5 67 1.41421
6 42 5
6 70 2.23607
7 20 7.81025
7 64 1
8 18 2.23607
8 26 6.08276
8 49 5
8 78 2.23607
9 11 6.32456
9 39 8.06226
10 59 2.23607
11 32 2.23607
11 64 6.40312
11 70 1
12 21 8.24621
12 24 4.47214
12 63 10
13 57 5
13 79 3
14 17 7.2111
14 21 3
14 58 8.06226
15 19 2
15 38 7
15 64 6.32456
16 56 2.82843
16 75 3
16 76 5.09902
17 21 6.08276
17 39 9.05539
18 27 1
18 53 6.7082
19 34 3.60555
19 36 2.23607
20 36 5
20 43 3
21 72 9.05539
22 65 10.2956
23 53 11.4018
24 46 9.21954
24 62 3
24 64 8.544
25 27 5
25 71 3.60555
25 76 2.23607
27 50 6.32456
28 34 2.23607
28 47 7.81025
28 57 4.47214
29 35 3.60555
29 49 1
30 51 2.23607
30 74 4.47214
31 55 6.08276
31 70 3
32 34 7.28011
32 57 2.82843
32 67 4.12311
33 48 4.12311
33 51 8.48528
33 62 3.60555
34 50 3.16228
35 42 7.07107
35 49 3.16228
36 37 5.09902
36 44 4
36 72 6.32456
37 66 3.16228
37 72 8.60233
38 75 6.08276
40 56 5.38516
40 61 3.60555
41 47 6.7082
41 58 7
41 60 5.83095
41 73 7.28011
43 76 3.16228
44 68 7.81025
44 78 8.06226
45 48 6.08276
45 50 6.32456
45 55 2.23607
46 52 3
47 60 1
47 71 5.09902
47 76 6
48 69 3.16228
48 78 4.47214
50 59 7.61577
51 58 7.07107
51 63 2
52 55 6.40312
52 66 4.47214
54 68 8.06226
54 73 8
55 78 7.07107
56 61 8
58 63 7.07107
61 65 8.06226
61 68 3.60555
65 77 1.41421
69 70 5.83095
69 74 9.48683
74 79 4
