0 22 3.31
0 23 3.23
1 26 2.25
2 45 3.51
3 40 3.67
4 37 4.7
4 71 1.85
5 67 2.07
6 70 4.13
7 20 4.96
7 64 1.71
8 18 1.17
8 78 3.11
9 11 1.24
9 39 4.34
10 59 2.9
11 32 2.41
11 64 1.24
11 70 4.71
12 21 3.81
12 24 3.91
12 63 3.97
13 57 2.32
13 79 4.16
14 17 1.18
14 21 3.36
15 19 2.08
15 38 2.48
15 64 3.2
16 56 3.49
17 21 1.63
17 39 2.34
18 27 1.22
18 53 4.72
19 34 1.83
19 36 2.71
22 65 2.33
23 53 2.6
24 62 4.34
24 64 3.75
25 27 2.09
25 71 4.84
25 76 1.93
28 47 1.11
28 57 3.7
29 49 1.37
30 51 3.53
30 74 2.8
31 55 1.84
31 70 3.68
32 34 4.55
32 57 2.76
32 67 3.85
33 48 4.44
33 51 3.7
33 62 3.6
34 50 4.5
36 44 4.83
37 72 4.56
40 56 4.16
40 61 1.56
41 47 4.04
41 60 1.01
41 73 4.91
43 76 1.35
44 68 2.03
44 78 4.55
45 48 3.12
45 50 3.79
45 55 1.16
47 60 1.16
47 71 2.06
48 69 3.49
48 78 2.12
50 59 4.68
51 63 3.22
52 55 4.59
54 68 4.66
54 73 3.35
55 78 1.45
56 61 3.33
61 65 2.14
65 77 3.43
69 74 3.49
