0 0
1 0
2 0
3 0
4 0
5 4.95
6 0
7 0
8 1.22
9 5.76
10 3.67
11 0
12 7.96
13 6.67
14 3.75
15 0
16 1.66
17 8.62
18 0
19 0
20 1.07
21 3.65
22 0
23 6.61
24 0
25 2.37
26 0
27 6.96
28 0
29 0
30 6.59
31 0
32 3.88
33 0
34 3.21
35 0
36 1.73
37 3.73
38 0
39 1.66
40 3.67
41 1.34
42 0
43 2.97
44 9.44
45 0
46 9.94
47 0
48 4.6
49 2.28
50 7.66
51 5.84
52 0
53 3.98
54 0
55 0
56 2.9
57 0
58 2.12
59 9.44
60 3.03
61 0
62 3.41
63 0
64 9.28
65 5.84
66 4.52
67 4.21
68 3.24
69 9.03
70 4.97
71 0
72 0
73 0
74 7.41
75 1.88
76 2.13
77 1.42
78 3.04
79 7.89
