0 0
1 31.4894
2 24.4252
3 36.8031
4 37.6758
5 24.2365
6 16.0648
7 23.7736
8 28.7571
9 22.4254
10 35.4422
11 14.5197
12 38.7938
13 9.51972
14 45.5716
15 30.4293
16 28.1893
17 43.8225
18 30.1374
19 28.6619
20 33.5364
21 49.1016
22 9.10014
23 7.5
24 33.2036
25 37.3582
26 33.9894
27 31.3874
28 21.3599
29 35.6606
30 23.8599
31 9.51972
32 17.3148
33 29.6651
34 24.155
35 31.1536
36 31.457
37 34.6701
38 39.1793
39 32.5032
40 36.5544
41 39.508
42 22.3148
43 37.2864
44 36.0398
45 19.9183
46 28.8771
47 31.1227
48 24.5113
49 35.0071
50 27.8239
51 26.655
52 25.1271
53 21.7522
54 46.6323
55 17.1232
56 31.7248
57 15.7697
58 35.4938
59 37.3437
60 32.3727
61 32.0475
62 34.1721
63 29.155
64 22.5236
65 21.9697
66 30.7172
67 22.4687
68 36.5544
69 20.5584
70 13.2697
71 37.4965
72 39.3627
73 48.6081
74 18.2697
75 31.9393
76 34.5631
77 23.7374
78 25.962
79 13.2697
