0 31.4894
1 0
2 16.8777
3 32.9433
4 33.7413
5 33.5202
6 32.5253
7 36.3831
8 10.1035
9 38.8859
10 3.95285
11 30.9802
12 37.4897
13 34.8558
14 50.4974
15 27.2274
16 29.5674
17 54.3509
18 12.8985
19 24.7274
20 30.8965
21 46.7474
22 22.3893
23 35.536
24 31.8995
25 20.3985
26 2.5
27 14.1485
28 23.0156
29 17.6035
30 37.0443
31 29.3408
32 29.3206
33 23.6426
34 20.2205
35 20.3063
36 27.5225
37 33.8963
38 35.9774
39 48.9638
40 24.1045
41 39.0789
42 29.1451
43 27.1465
44 22.9764
45 21.3846
46 33.4913
47 30.6936
48 18.4887
49 16.3535
50 16.2676
51 34.2492
52 29.7413
53 21.2838
54 34.1823
55 21.7374
56 29.5975
57 28.6058
58 43.088
59 6.74793
60 31.9436
61 19.5975
62 28.1495
63 36.7492
64 35.1331
65 9.51972
66 35.3314
67 34.4745
68 24.1045
69 22.4416
70 29.7302
71 24.9055
72 35.4282
73 44.1823
74 34.3001
75 33.3174
76 23.1936
77 11.2875
78 12.8985
79 38.6058
