0 24.4252
1 16.8777
2 0
3 29.7462
4 29.3559
5 29.6222
6 21.4506
7 29.1594
8 18.9359
9 27.8112
10 20.8305
11 19.9055
12 31.1114
13 31.0007
14 45.1691
15 23.3724
16 30.9713
17 49.0226
18 21.5683
19 20.8724
20 29.9175
21 41.4191
22 20.2275
23 31.9252
24 25.5212
25 26.5683
26 19.3777
27 20.3183
28 19.1606
29 26.4359
30 30.666
31 14.9055
32 22.7006
33 17.2643
34 16.3655
35 29.1388
36 23.6675
37 24.8489
38 32.1224
39 37.889
40 21.9427
41 37.3086
42 27.7006
43 33.3163
44 26.2187
45 4.50694
46 19.0559
47 28.9234
48 12.1104
49 25.1859
50 12.4126
51 27.8709
52 15.3059
53 29.9536
54 32.0205
55 7.30202
56 27.4358
57 24.7507
58 36.7097
59 21.9323
60 30.1734
61 17.4358
62 21.7712
63 30.3709
64 27.9094
65 7.35794
66 20.8961
67 27.8544
68 21.9427
69 16.0632
70 18.6555
71 31.0753
72 31.5732
73 42.0205
74 27.9218
75 34.7213
76 29.3634
77 5.59017
78 16.1409
79 32.9218
