0 36.8031
1 32.9433
2 29.7462
3 0
4 17.8877
5 23.0587
6 26.3285
7 15.5295
8 29.2843
9 30.1891
10 29.6484
11 22.2834
12 30.5496
13 28.016
14 34.6438
15 6.37377
16 19.1058
17 38.4972
18 26.4893
19 8.87377
20 17.9189
21 30.8938
22 36.2931
23 44.3031
24 24.9595
25 28.2747
26 35.4433
27 25.2393
28 16.1758
29 36.7843
30 42.3561
31 27.2834
32 22.4809
33 33.2164
34 13.3807
35 39.4872
36 11.6689
37 18.0426
38 15.1238
39 40.2669
40 8.83883
41 34.3239
42 32.5785
43 21.6689
44 16.6689
45 25.2393
46 31.3357
47 25.9386
48 32.3369
49 35.5343
50 17.3336
51 43.823
52 27.5857
53 34.8745
54 27.9305
55 28.0343
56 15.5703
57 21.766
58 43.0739
59 26.8533
60 27.1886
61 13.3458
62 28.7095
63 43.0496
64 14.2795
65 23.4236
66 21.9955
67 24.8264
68 17.8527
69 30.8221
70 23.5334
71 27.6505
72 19.5746
73 37.9305
74 36.766
75 22.7272
76 25.4796
77 25.1914
78 26.7467
79 31.766
