0 37.6758
1 33.7413
2 29.3559
3 17.8877
4 0
5 27.3915
6 29.4611
7 20.6696
8 24.5648
9 33.3217
10 29.7885
11 25.416
12 34.9146
13 28.1561
14 30.3291
15 11.5139
16 23.4386
17 34.1825
18 21.7698
19 9.01388
20 17.1307
21 26.5791
22 46.7759
23 44.4072
24 29.3244
25 14.2698
26 32.1683
27 20.5198
28 16.3159
29 32.0648
30 42.4962
31 29.6573
32 22.621
33 36.7026
34 13.5208
35 34.7677
36 10.8807
37 4.50694
38 20.2639
39 43.3996
40 26.7265
41 24.5218
42 35.7111
43 20.8807
44 15.8807
45 24.8489
46 17.8
47 16.1366
48 31.5487
49 30.8148
50 17.4737
51 42.1107
52 14.05
53 30.155
54 35.7213
55 22.0539
56 26.9741
57 21.9061
58 33.2718
59 26.9934
60 17.3866
61 30.1505
62 33.0744
63 42.1107
64 19.4196
65 36.7138
66 8.45979
67 27.7748
68 25.6435
69 33.9547
70 26.666
71 9.76281
72 15.2598
73 33.622
74 36.9061
75 27.1886
76 17.0648
77 34.9461
78 25.9585
79 31.9061
