0 13 6.7082
0 33 7.2111
0 39 8.06226
1 16 9.43398
1 36 3
2 9 6.08276
2 29 6.32456
2 34 5.09902
2 39 4.12311
3 8 1.41421
3 24 8.06226
4 12 4.47214
4 17 7.07107
5 14 2
5 15 9.21954
5 16 8.06226
5 23 9
6 22 3.60555
6 26 3.60555
6 31 4
7 10 2
7 19 3
7 27 5
7 30 4.47214
8 35 2
9 10 7.61577
9 14 1
9 19 7.28011
9 32 2.82843
9 33 7.28011
10 20 5.83095
10 25 7.28011
11 15 7
11 21 5.38516
11 35 8.06226
11 37 7.61577
12 21 5.83095
13 36 9.48683
14 19 8.24621
14 20 6.7082
15 21 7.07107
16 26 6
17 26 8.94427
18 20 2.23607
18 27 5.65685
18 30 5.38516
19 25 7.61577
21 32 3.16228
22 30 3.16228
23 31 5
23 32 6
24 34 5.83095
25 35 3
26 33 5
27 31 5.83095
28 32 1.41421
28 33 6.08276
29 38 8.544
31 39 5
34 37 2.82843
