0 4 8.544
0 11 4.47214
0 12 7.28011
0 20 2
0 28 1.41421
1 4 2.23607
1 12 7.81025
1 19 10.6301
1 29 1
2 3 6.08276
2 17 7
2 30 6
3 19 2.23607
4 6 4.24264
4 16 2.23607
4 25 1
5 9 4.47214
5 13 4.47214
6 21 2.23607
6 26 1.41421
6 37 5.09902
7 21 3
7 24 4.12311
7 30 5.65685
7 38 2
8 29 10.6301
8 32 11.4018
9 23 6.32456
10 13 6
10 18 4.12311
10 35 4.12311
11 24 2.82843
12 33 7.07107
13 17 2.23607
14 24 5.09902
14 27 5.65685
15 20 8.06226
15 37 8.48528
16 18 3.16228
16 34 3.16228
16 39 6.08276
17 34 4
18 27 7.07107
18 30 1
20 22 8.48528
21 26 3.60555
21 39 5
22 33 4.12311
23 31 6.7082
23 39 5.09902
24 27 3.16228
25 27 6
25 36 4.12311
26 28 7.28011
27 35 7.61577
29 38 7.07107
31 36 3
32 34 9.05539
34 38 5
35 36 5.38516
