0 1 2.23607
0 50 3
0 53 8.06226
0 56 10
0 71 4.47214
1 18 7.07107
1 23 7
1 54 6.08276
2 27 3.60555
2 31 9.21954
2 45 6.08276
2 64 5.38516
2 68 5.09902
3 33 3
3 43 7.61577
3 70 7.81025
3 75 7.28011
4 44 3.60555
4 48 3.60555
5 14 9.84886
5 21 5.38516
5 29 6.7082
5 72 8
5 79 9.05539
6 19 6.7082
6 55 2
7 69 4.47214
7 73 6.32456
7 77 5
8 36 1.41421
8 43 9.84886
8 58 7.07107
9 12 2.23607
9 24 3.60555
9 59 6.32456
10 12 4.12311
10 46 3.16228
11 24 2
11 35 2.82843
12 37 5
13 36 1
13 55 4.24264
13 72 1
14 23 9.21954
14 25 2.82843
14 29 3.16228
15 26 7.07107
15 63 9.21954
16 67 8.06226
16 72 10.6301
16 76 7.07107
17 64 5
17 74 6.7082
18 42 8.544
18 45 4.12311
19 52 3.16228
19 54 5.83095
20 52 8
20 54 8.94427
21 23 5
21 43 4
21 60 3.16228
22 23 2.82843
22 33 2
22 46 5.38516
22 62 1.41421
23 74 4.47214
24 25 3.60555
24 54 8
25 31 7
26 36 7
26 76 1.41421
27 28 8.544
27 51 4.12311
27 65 5
28 32 3.16228
29 30 2.23607
30 43 2.23607
31 35 4
32 74 6.08276
33 65 1
33 75 4.47214
34 44 5
34 62 6.40312
35 50 3.60555
37 48 8.06226
37 56 10.6301
37 57 6.7082
37 64 8.06226
38 49 5.65685
38 50 7.07107
38 78 8.06226
39 47 5.83095
39 54 5
39 56 3.60555
40 67 4.12311
40 69 7.61577
41 51 8.48528
41 59 8.60233
41 66 7.07107
42 61 5.38516
45 54 4
45 75 7.61577
46 71 3
47 73 2.82843
48 53 1
49 77 4.12311
51 69 7.61577
52 56 11.4018
53 59 1.41421
53 64 4.12311
55 56 4.12311
55 57 1
57 68 2.23607
58 61 4.12311
60 63 9
66 67 8.544
66 68 4.24264
70 76 8.544
78 79 4.47214
