0 1 3.29
0 50 1.36
0 56 4.48
0 71 4.1
1 18 3.19
1 54 1.24
2 27 4.86
2 31 2.94
2 45 1.14
2 64 3.7
3 33 1.09
4 48 3.14
5 14 2.79
5 21 1.63
5 29 1.37
5 72 1.27
6 19 3.3
6 55 1.28
7 69 3.29
7 77 2.99
9 12 4.48
9 24 1.7
9 59 4.67
11 35 3.03
13 36 2.68
13 55 2.57
13 72 3.51
14 25 4.54
14 29 1.17
15 26 1.78
15 63 4.29
16 67 4
16 72 2.29
16 76 1.01
17 74 4.36
18 42 4.34
18 45 3.65
19 52 1.07
19 54 1.28
21 23 2.53
21 43 3.36
21 60 2.9
22 23 3.08
22 33 2.16
22 46 4.41
23 74 4.22
25 31 1.17
26 36 4.65
27 65 1.11
28 32 2.36
29 30 4.96
30 43 3.42
31 35 1.68
32 74 2.48
33 65 2.33
33 75 4.39
34 44 4.05
34 62 1.24
37 48 4.99
37 64 4.27
38 49 2.22
38 50 2.49
38 78 3.62
39 54 1.53
40 67 4.6
40 69 1.15
41 51 3.72
41 59 4.56
42 61 3.73
45 75 1.87
47 73 2.54
49 77 3.81
51 69 1.33
52 56 1.04
53 59 2.45
53 64 4.61
55 56 1.63
55 57 1.27
57 68 1.16
58 61 2.78
66 67 1.07
66 68 2.7
70 76 4.87
78 79 3.31
