0 0
1 0
2 0
3 0
4 0
5 1.19
6 1.04
7 8.23
8 8.79
9 1.09
10 0
11 0
12 0
13 0
14 0
15 0
16 7.02
17 6.51
18 7.31
19 7.69
20 1.27
21 0
22 0
23 5.44
24 0
25 6.24
26 8.74
27 5.87
28 0
29 0
30 4.64
31 7.92
32 2.46
33 5.79
34 9.21
35 2.19
36 9.55
37 9.04
38 0
39 0
40 9.51
41 0
42 3.21
43 0
44 0
45 3.18
46 0
47 0
48 6.24
49 3.44
50 3.8
51 7.4
52 0
53 6.43
54 9.87
55 0
56 4.14
57 3.21
58 7.69
59 4.6
60 0
61 0
62 4.31
63 5.63
64 1.41
65 6.96
66 6.33
67 4.9
68 4.93
69 0
70 0
71 2.97
72 0
73 8.88
74 2.68
75 0
76 5.64
77 0
78 3.37
79 4.35
