0 0
1 2.79508
2 21.9632
3 21.3306
4 15.8348
5 24.5265
6 20.1539
7 31.0638
8 25.9749
9 18.7994
10 13.293
11 11.7925
12 18.4469
13 22.9572
14 22.3349
15 41.796
16 37.4949
17 21.4817
18 11.6339
19 17.6872
20 21.5789
21 17.7951
22 15.0806
23 11.5451
24 14.2925
25 18.7994
26 32.9572
27 25.0806
28 28.6916
29 26.2878
30 25.5902
31 13.2569
32 24.7387
33 17.5806
34 24.8523
35 8.25694
36 24.2072
37 21.4056
38 12.5888
39 16.6485
40 42.8362
41 22.5985
42 22.3139
43 22.7951
44 20.3417
45 15.3985
46 9.34017
47 23.9372
48 11.3278
49 19.6599
50 3.75
51 30.2345
52 21.6401
53 10.0778
54 10.3985
55 17.6539
56 12.5
57 18.9039
58 34.1993
59 11.8456
60 21.7479
61 29.0454
62 16.8484
63 32.9979
64 15.2317
65 18.8306
66 27.0023
67 37.6823
68 21.699
69 36.654
70 31.0934
71 5.59017
72 24.2072
73 27.4728
74 17.1353
75 23.1708
76 34.7249
77 24.8138
78 22.6667
79 28.2568
