0 2.79508
1 0
2 20.2069
3 18.5355
4 18.6298
5 21.7315
6 22.949
7 32.5834
8 28.77
9 21.5945
10 16.0881
11 14.5876
12 21.242
13 25.7523
14 20.2744
15 41.7273
16 40.29
17 22.7254
18 8.83883
19 14.8921
20 18.7838
21 15
22 12.2855
23 8.75
24 17.0876
25 21.5945
26 35.7523
27 22.2855
28 25.8965
29 24.2273
30 22.7951
31 16.052
32 21.9436
33 14.7855
34 22.0572
35 11.052
36 27.0023
37 24.2007
38 15.3839
39 13.8535
40 45.6312
41 25.3936
42 19.5188
43 20
44 23.1368
45 12.6035
46 12.1353
47 21.1421
48 14.1229
49 22.455
50 6.54508
51 27.4394
52 18.845
53 12.8729
54 7.60345
55 20.449
56 15.2951
57 21.699
58 31.4042
59 14.6407
60 18.9528
61 26.2503
62 14.0533
63 30.2028
64 18.0268
65 16.0355
66 29.7974
67 40.4774
68 24.4941
69 36.9591
70 28.2983
71 8.38525
72 27.0023
73 24.6777
74 14.3402
75 20.3757
76 37.52
77 27.6089
78 25.4617
79 31.0519
