0 21.9632
1 20.2069
2 0
3 15.7569
4 17.6423
5 26.9722
6 12.9189
7 24.7707
8 18.7399
9 21.5588
10 25.1912
11 20.06
12 23.0593
13 15.7222
14 23.81
15 34.561
16 30.2598
17 12.9815
18 12.7573
19 19.8921
20 23.7838
21 24.2925
22 14.5069
23 18.0425
24 22.56
25 20.2744
26 25.7222
27 4.50694
28 15.1869
29 27.7628
30 28.0717
31 11.5244
32 19.1398
33 12.0069
34 24.2786
35 16.5244
36 16.9722
37 16.8093
38 29.8702
39 18.8535
40 27.511
41 20.2674
42 23.4373
43 25.2767
44 22.1492
45 7.60345
46 21.2384
47 26.1421
48 13.1353
49 36.1746
50 21.0314
51 9.66082
52 23.845
53 11.8853
54 12.6035
55 10.4189
56 15.5727
57 9.16886
58 27.5788
59 13.6531
60 28.2453
61 30.1688
62 16.2747
63 39.4953
64 6.73146
65 10.7569
66 11.6771
67 22.3571
68 6.37377
69 19.1805
70 25.5198
71 24.9884
72 16.9722
73 29.6777
74 21.3667
75 17.1232
76 27.4899
77 31.0207
78 39.948
79 38.2914
