0 21.3306
1 18.5355
2 15.7569
3 0
4 26.7786
5 21.2512
6 28.6758
7 31.5138
8 21.8308
9 24.8833
10 16.9343
11 29.6052
12 22.0882
13 24.8486
14 19.0627
15 31.0494
16 29.2817
17 23.761
18 23.7737
19 30.9085
20 34.8002
21 14.5197
22 6.25
23 9.78553
24 27.1052
25 22.5983
26 22.2106
27 11.25
28 21.93
29 15.1099
30 12.3148
31 27.2814
32 22.9792
33 3.75
34 16.0217
35 29.5876
36 23.5986
37 28.3382
38 33.9195
39 29.8699
40 35.4433
41 27.0105
42 34.4537
43 9.51972
44 22.2717
45 18.6199
46 12.9815
47 37.1585
48 28.8923
49 40.9905
50 25.0806
51 16.4039
52 34.8614
53 27.6423
54 23.6199
55 26.1758
56 31.3297
57 24.9258
58 30.6696
59 29.41
60 18.4726
61 35.8235
62 8.01777
63 29.7226
64 22.4884
65 5
66 27.434
67 38.114
68 22.1307
69 25.9236
70 9.76281
71 16.7315
72 26.0986
73 39.4195
74 15.3757
75 9.10014
76 20.4428
77 37.7638
78 38.1606
79 32.5704
