0 15.8348
1 18.6298
2 17.6423
3 26.7786
4 0
5 37.0456
6 26.72
7 42.413
8 32.5411
9 15.4304
10 23.3794
11 22.4373
12 18.2255
13 29.5233
14 27.9798
15 48.3622
16 44.061
17 17.1608
18 27.4687
19 33.522
20 37.4136
21 30.3141
22 20.5286
23 24.0641
24 19.9373
25 24.4443
26 39.5233
27 22.1492
28 32.8292
29 31.9327
30 34.7277
31 29.0917
32 33.1495
33 23.0286
34 10.7569
35 24.0917
36 30.7733
37 14.5848
38 28.4236
39 32.3794
40 42.9503
41 18.2776
42 38.1487
43 35.3141
44 4.50694
45 25.2457
46 25.1749
47 39.6681
48 4.50694
49 35.4947
50 19.5848
51 27.3031
52 37.4748
53 5.75694
54 26.2333
55 24.22
56 27.8724
57 22.97
58 41.3799
59 7.52471
60 34.267
61 44.8801
62 18.7608
63 45.517
64 10.9108
65 24.2786
66 27.1164
67 37.7965
68 24.0161
69 36.8228
70 36.5414
71 21.4249
72 30.7733
73 43.2036
74 25.5461
75 28.6188
76 41.2911
77 40.6485
78 38.5014
79 44.0916
