0 5 11.4
0 33 5
0 36 7.07
0 37 6.7
0 38 2.23
1 31 6.4
1 36 4.24
2 30 5.09
2 38 6.32
3 6 5.65
3 8 2.82
3 9 9.21
3 38 5.83
3 39 5
4 17 2
4 21 1
5 26 4
6 10 7.07
6 27 1
7 12 10.29
7 17 9.21
8 25 5.65
8 36 5
9 14 8.06
9 29 4.12
9 33 6.4
10 26 2.23
10 29 7.21
10 34 8.06
11 26 7.21
11 27 1.41
11 28 2.23
11 33 4.12
12 27 5.09
13 15 3
13 22 9.21
14 24 5.09
15 29 8.54
15 30 5.38
15 32 11.31
16 17 7.61
16 32 9.84
16 35 7.28
18 19 2.23
18 37 7.81
19 21 2.23
19 29 2.82
20 25 4.12
20 26 3.16
21 31 7
23 28 3.16
23 37 5.83
24 32 7
26 27 5.83
26 35 2.82
30 37 4
32 38 7.28
33 34 5
34 36 7.07
35 39 5.09
